# /home/hatatani/bin/sub_ww_DSC -R 0.5 -w ../../rawdata/water/average_heat05_2018_0925 DHPC15mM_heat05_01_3 DHPC15mM_heat05_03_3 DHPC15mM_heat05_05_3 DHPC15mM_heat05_09_3
# DHPC15mM_heat05_03_3 is subtracted by w/w = ../../rawdata/water/average_heat05_2018_0925
# DHPC15mM_heat05_03_3 is scaled using 0.5 K/min 
0.000	-0.00002751
0.039	-0.00009707
0.077	-0.00008206
0.117	-0.00004415
0.158	-0.00007116
0.199	-0.00011446
0.242	-0.00018693
0.284	-0.00026565
0.327	-0.00032978
0.370	-0.00039688
0.413	-0.00046546
0.456	-0.00051299
0.499	-0.00055047
0.541	-0.00064738
0.584	-0.00077294
0.627	-0.00089597
0.670	-0.00099442
0.712	-0.00107489
0.755	-0.00113801
0.797	-0.00119228
0.839	-0.00123351
0.882	-0.00126659
0.924	-0.00129659
0.966	-0.00131762
1.009	-0.00133468
1.051	-0.00134732
1.093	-0.00135623
1.135	-0.00136317
1.177	-0.00136690
1.219	-0.00136866
1.261	-0.00136971
1.303	-0.00136989
1.345	-0.00136969
1.387	-0.00136832
1.437	-0.00136655
1.479	-0.00136531
1.521	-0.00136441
1.563	-0.00136401
1.605	-0.00136361
1.646	-0.00136223
1.688	-0.00135810
1.730	-0.00135141
1.772	-0.00134225
1.814	-0.00133361
1.856	-0.00132520
1.897	-0.00131863
1.939	-0.00131204
1.981	-0.00130685
2.023	-0.00130188
2.064	-0.00129836
2.106	-0.00129480
2.148	-0.00129172
2.190	-0.00128792
2.231	-0.00128433
2.273	-0.00128082
2.315	-0.00127889
2.357	-0.00127494
2.398	-0.00127148
2.440	-0.00127027
2.482	-0.00126811
2.524	-0.00126554
2.565	-0.00126258
2.607	-0.00126060
2.649	-0.00125820
2.690	-0.00125606
2.732	-0.00125223
2.774	-0.00125017
2.816	-0.00124623
2.857	-0.00124273
2.899	-0.00123936
2.941	-0.00123609
2.982	-0.00123393
3.024	-0.00123241
3.066	-0.00123204
3.107	-0.00123115
3.149	-0.00123020
3.191	-0.00122984
3.233	-0.00122935
3.274	-0.00122870
3.316	-0.00122809
3.358	-0.00122794
3.399	-0.00122608
3.441	-0.00122651
3.483	-0.00122633
3.524	-0.00122539
3.566	-0.00122434
3.608	-0.00122342
3.649	-0.00122144
3.691	-0.00122087
3.733	-0.00121981
3.774	-0.00121916
3.816	-0.00121840
3.858	-0.00121767
3.900	-0.00121736
3.941	-0.00121647
3.983	-0.00121595
4.025	-0.00121530
4.066	-0.00121511
4.108	-0.00121471
4.150	-0.00121395
4.191	-0.00121330
4.233	-0.00121325
4.283	-0.00121205
4.325	-0.00121108
4.366	-0.00121029
4.408	-0.00120977
4.450	-0.00120920
4.491	-0.00120839
4.533	-0.00120781
4.575	-0.00120694
4.616	-0.00120603
4.658	-0.00120555
4.700	-0.00120478
4.741	-0.00120507
4.783	-0.00120485
4.825	-0.00120478
4.866	-0.00120434
4.908	-0.00120293
4.950	-0.00120285
4.991	-0.00120227
5.033	-0.00120279
5.075	-0.00120225
5.116	-0.00120186
5.158	-0.00120232
5.200	-0.00120228
5.241	-0.00120198
5.283	-0.00120190
5.325	-0.00120192
5.366	-0.00120117
5.408	-0.00120103
5.450	-0.00120064
5.491	-0.00120025
5.533	-0.00119999
5.575	-0.00119988
5.616	-0.00119986
5.658	-0.00119938
5.700	-0.00119902
5.741	-0.00119874
5.783	-0.00119862
5.825	-0.00119839
5.866	-0.00119826
5.908	-0.00119844
5.950	-0.00119794
5.991	-0.00119767
6.033	-0.00119726
6.075	-0.00119697
6.117	-0.00119628
6.158	-0.00119541
6.200	-0.00119496
6.242	-0.00119484
6.283	-0.00119459
6.325	-0.00119403
6.367	-0.00119337
6.408	-0.00119306
6.450	-0.00119257
6.492	-0.00119177
6.533	-0.00119072
6.575	-0.00118967
6.617	-0.00118839
6.658	-0.00118683
6.700	-0.00118540
6.742	-0.00118378
6.783	-0.00118187
6.825	-0.00118027
6.867	-0.00117859
6.908	-0.00117664
6.950	-0.00117497
6.992	-0.00117263
7.033	-0.00117101
7.075	-0.00116979
7.117	-0.00116751
7.158	-0.00116595
7.200	-0.00116448
7.242	-0.00116294
7.283	-0.00116141
7.325	-0.00116010
7.367	-0.00115858
7.408	-0.00115727
7.450	-0.00115619
7.492	-0.00115509
7.533	-0.00115390
7.575	-0.00115283
7.617	-0.00115178
7.658	-0.00115073
7.700	-0.00114976
7.742	-0.00114889
7.783	-0.00114822
7.825	-0.00114752
7.867	-0.00114687
7.908	-0.00114605
7.950	-0.00114537
7.992	-0.00114478
8.033	-0.00114405
8.075	-0.00114335
8.117	-0.00114270
8.158	-0.00114193
8.200	-0.00114111
8.242	-0.00114040
8.283	-0.00113966
8.325	-0.00113914
8.367	-0.00113857
8.408	-0.00113788
8.450	-0.00113728
8.492	-0.00113657
8.533	-0.00113569
8.575	-0.00113487
8.617	-0.00113396
8.658	-0.00113299
8.700	-0.00113212
8.742	-0.00113143
8.783	-0.00113078
8.825	-0.00113011
8.867	-0.00112951
8.908	-0.00112885
8.950	-0.00112811
8.992	-0.00112725
9.033	-0.00112615
9.075	-0.00112562
9.117	-0.00112478
9.158	-0.00112403
9.200	-0.00112318
9.242	-0.00112223
9.283	-0.00112120
9.325	-0.00112014
9.367	-0.00111926
9.408	-0.00111840
9.450	-0.00111738
9.492	-0.00111643
9.533	-0.00111550
9.575	-0.00111458
9.617	-0.00111379
9.658	-0.00111276
9.700	-0.00111174
9.742	-0.00111095
9.783	-0.00111007
9.825	-0.00110931
9.867	-0.00110856
9.908	-0.00110773
9.950	-0.00110659
9.992	-0.00110588
10.033	-0.00110492
10.075	-0.00110422
10.117	-0.00110331
10.158	-0.00110193
10.200	-0.00110086
10.242	-0.00110012
10.283	-0.00109936
10.325	-0.00109852
10.367	-0.00109745
10.408	-0.00109638
10.450	-0.00109521
10.492	-0.00109401
10.533	-0.00109292
10.575	-0.00109187
10.617	-0.00109080
10.658	-0.00108989
10.700	-0.00108881
10.742	-0.00108782
10.783	-0.00108687
10.825	-0.00108589
10.867	-0.00108489
10.908	-0.00108384
10.950	-0.00108302
10.992	-0.00108198
11.033	-0.00108096
11.075	-0.00108004
11.117	-0.00107904
11.158	-0.00107732
11.200	-0.00107578
11.242	-0.00107489
11.283	-0.00107417
11.325	-0.00107342
11.367	-0.00107238
11.408	-0.00107160
11.450	-0.00107060
11.492	-0.00106981
11.533	-0.00106877
11.575	-0.00106810
11.617	-0.00106749
11.658	-0.00106671
11.700	-0.00106587
11.742	-0.00106473
11.783	-0.00106384
11.825	-0.00106285
11.867	-0.00106194
11.908	-0.00106105
11.950	-0.00106021
11.992	-0.00105930
12.033	-0.00105850
12.075	-0.00105762
12.117	-0.00105664
12.158	-0.00105591
12.200	-0.00105510
12.242	-0.00105426
12.283	-0.00105334
12.325	-0.00105252
12.367	-0.00105158
12.408	-0.00105067
12.450	-0.00104989
12.492	-0.00104904
12.533	-0.00104829
12.575	-0.00104752
12.617	-0.00104675
12.658	-0.00104577
12.700	-0.00104482
12.742	-0.00104382
12.783	-0.00104294
12.825	-0.00104214
12.867	-0.00104144
12.908	-0.00104080
12.950	-0.00104011
12.992	-0.00103935
13.033	-0.00103862
13.075	-0.00103788
13.117	-0.00103724
13.158	-0.00103668
13.200	-0.00103615
13.242	-0.00103579
13.283	-0.00103519
13.325	-0.00103455
13.367	-0.00103390
13.408	-0.00103313
13.450	-0.00103244
13.492	-0.00103180
13.533	-0.00103097
13.575	-0.00103016
13.617	-0.00102934
13.658	-0.00102870
13.700	-0.00102797
13.742	-0.00102733
13.783	-0.00102669
13.825	-0.00102622
13.867	-0.00102581
13.908	-0.00102518
13.950	-0.00102446
13.992	-0.00102389
14.033	-0.00102331
14.075	-0.00102275
14.117	-0.00102213
14.158	-0.00102161
14.200	-0.00102106
14.242	-0.00102069
14.283	-0.00102020
14.325	-0.00101969
14.367	-0.00101896
14.408	-0.00101837
14.450	-0.00101790
14.492	-0.00101744
14.533	-0.00101693
14.575	-0.00101649
14.617	-0.00101603
14.658	-0.00101558
14.700	-0.00101507
14.742	-0.00101461
14.783	-0.00101418
14.825	-0.00101405
14.867	-0.00101329
14.908	-0.00101289
14.950	-0.00101242
14.992	-0.00101215
15.033	-0.00101181
15.075	-0.00101136
15.117	-0.00101102
15.158	-0.00101072
15.200	-0.00101046
15.242	-0.00101020
15.283	-0.00101008
15.325	-0.00100994
15.367	-0.00100968
15.408	-0.00100944
15.450	-0.00100911
15.491	-0.00100891
15.533	-0.00100896
15.575	-0.00100900
15.617	-0.00100903
15.658	-0.00100911
15.700	-0.00100907
15.742	-0.00100904
15.783	-0.00100912
15.825	-0.00100902
15.867	-0.00100895
15.908	-0.00100881
15.950	-0.00100858
15.991	-0.00100856
16.033	-0.00100850
16.075	-0.00100836
16.117	-0.00100841
16.158	-0.00100826
16.200	-0.00100808
16.241	-0.00100801
16.283	-0.00100800
16.325	-0.00100786
16.367	-0.00100760
16.408	-0.00100752
16.450	-0.00100743
16.492	-0.00100741
16.533	-0.00100745
16.575	-0.00100747
16.617	-0.00100749
16.658	-0.00100749
16.700	-0.00100758
16.741	-0.00100775
16.783	-0.00100790
16.825	-0.00100806
16.866	-0.00100815
16.908	-0.00100846
16.950	-0.00100859
16.991	-0.00100860
17.033	-0.00100907
17.075	-0.00100958
17.117	-0.00100997
17.158	-0.00100986
17.200	-0.00101026
17.241	-0.00101060
17.283	-0.00101098
17.325	-0.00101148
17.366	-0.00101198
17.408	-0.00101243
17.450	-0.00101288
17.491	-0.00101325
17.533	-0.00101366
17.575	-0.00101399
17.616	-0.00101417
17.658	-0.00101441
17.700	-0.00101476
17.741	-0.00101522
17.783	-0.00101553
17.825	-0.00101600
17.866	-0.00101653
17.908	-0.00101694
17.950	-0.00101748
17.991	-0.00101790
18.033	-0.00101818
18.075	-0.00101869
18.116	-0.00101911
18.158	-0.00101955
18.200	-0.00102010
18.241	-0.00102068
18.283	-0.00102135
18.325	-0.00102183
18.366	-0.00102231
18.408	-0.00102312
18.450	-0.00102372
18.491	-0.00102438
18.533	-0.00102506
18.575	-0.00102580
18.616	-0.00102645
18.658	-0.00102736
18.700	-0.00102816
18.741	-0.00102882
18.783	-0.00102952
18.825	-0.00103022
18.866	-0.00103081
18.908	-0.00103136
18.950	-0.00103217
18.991	-0.00103299
19.033	-0.00103376
19.075	-0.00103452
19.116	-0.00103506
19.158	-0.00103575
19.200	-0.00103675
19.242	-0.00103758
19.283	-0.00103827
19.325	-0.00103898
19.366	-0.00103961
19.408	-0.00104032
19.450	-0.00104115
19.491	-0.00104196
19.533	-0.00104271
19.575	-0.00104342
19.616	-0.00104412
19.658	-0.00104492
19.700	-0.00104570
19.741	-0.00104648
19.783	-0.00104719
19.825	-0.00104788
19.866	-0.00104857
19.908	-0.00104938
19.950	-0.00105016
19.991	-0.00105086
20.033	-0.00105160
20.075	-0.00105247
20.116	-0.00105333
20.158	-0.00105406
20.200	-0.00105489
20.241	-0.00105569
20.283	-0.00105638
20.325	-0.00105714
20.366	-0.00105785
20.408	-0.00105859
20.450	-0.00105935
20.491	-0.00106017
20.533	-0.00106090
20.575	-0.00106170
20.616	-0.00106247
20.658	-0.00106339
20.700	-0.00106429
20.741	-0.00106511
20.783	-0.00106595
20.825	-0.00106682
20.866	-0.00106766
20.908	-0.00106859
20.950	-0.00106954
20.991	-0.00107037
21.033	-0.00107124
21.075	-0.00107218
21.116	-0.00107315
21.158	-0.00107397
21.200	-0.00107487
21.241	-0.00107574
21.283	-0.00107653
21.325	-0.00107745
21.366	-0.00107819
21.408	-0.00107916
21.450	-0.00108011
21.491	-0.00108108
21.533	-0.00108201
21.575	-0.00108291
21.616	-0.00108374
21.658	-0.00108466
21.700	-0.00108578
21.741	-0.00108677
21.783	-0.00108762
21.825	-0.00108855
21.866	-0.00108947
21.908	-0.00109052
21.950	-0.00109143
21.991	-0.00109234
22.033	-0.00109347
22.075	-0.00109450
22.116	-0.00109550
22.158	-0.00109647
22.200	-0.00109738
22.241	-0.00109828
22.283	-0.00109924
22.325	-0.00110023
22.366	-0.00110121
22.408	-0.00110222
22.450	-0.00110327
22.491	-0.00110432
22.533	-0.00110538
22.575	-0.00110650
22.616	-0.00110745
22.658	-0.00110860
22.700	-0.00110988
22.741	-0.00111099
22.783	-0.00111213
22.825	-0.00111334
22.866	-0.00111448
22.908	-0.00111549
22.950	-0.00111654
22.991	-0.00111758
23.033	-0.00111858
23.075	-0.00111945
23.116	-0.00112032
23.158	-0.00112130
23.200	-0.00112226
23.241	-0.00112314
23.283	-0.00112412
23.325	-0.00112516
23.366	-0.00112621
23.408	-0.00112732
23.450	-0.00112844
23.491	-0.00112956
23.533	-0.00113066
23.575	-0.00113178
23.616	-0.00113280
23.658	-0.00113383
23.700	-0.00113474
23.741	-0.00113577
23.783	-0.00113698
23.825	-0.00113818
23.866	-0.00113947
23.908	-0.00114058
23.950	-0.00114157
23.991	-0.00114247
24.033	-0.00114350
24.075	-0.00114458
24.116	-0.00114578
24.158	-0.00114697
24.200	-0.00114813
24.241	-0.00114929
24.283	-0.00115054
24.325	-0.00115164
24.366	-0.00115278
24.408	-0.00115390
24.450	-0.00115503
24.491	-0.00115613
24.533	-0.00115712
24.575	-0.00115817
24.616	-0.00115918
24.658	-0.00116032
24.700	-0.00116143
24.741	-0.00116243
24.783	-0.00116346
24.825	-0.00116451
24.866	-0.00116553
24.908	-0.00116648
24.950	-0.00116744
24.991	-0.00116842
25.033	-0.00116950
25.075	-0.00117050
25.116	-0.00117152
25.158	-0.00117251
25.200	-0.00117362
25.241	-0.00117461
25.283	-0.00117554
25.325	-0.00117654
25.366	-0.00117753
25.408	-0.00117848
25.450	-0.00117953
25.491	-0.00118054
25.533	-0.00118154
25.575	-0.00118259
25.616	-0.00118368
25.658	-0.00118482
25.700	-0.00118585
25.741	-0.00118687
25.783	-0.00118797
25.825	-0.00118902
25.866	-0.00119027
25.908	-0.00119137
25.950	-0.00119258
25.991	-0.00119390
26.033	-0.00119520
26.075	-0.00119631
26.116	-0.00119744
26.158	-0.00119858
26.200	-0.00119968
26.241	-0.00120075
26.283	-0.00120187
26.325	-0.00120311
26.366	-0.00120435
26.408	-0.00120532
26.450	-0.00120633
26.491	-0.00120751
26.533	-0.00120869
26.575	-0.00120972
26.616	-0.00121081
26.658	-0.00121201
26.700	-0.00121316
26.741	-0.00121417
26.783	-0.00121531
26.825	-0.00121620
26.866	-0.00121721
26.908	-0.00121822
26.950	-0.00121928
26.991	-0.00122028
27.033	-0.00122136
27.075	-0.00122244
27.116	-0.00122345
27.158	-0.00122457
27.200	-0.00122572
27.241	-0.00122670
27.283	-0.00122775
27.333	-0.00122901
27.375	-0.00123008
27.416	-0.00123112
27.458	-0.00123223
27.500	-0.00123333
27.541	-0.00123434
27.583	-0.00123530
27.625	-0.00123645
27.666	-0.00123764
27.708	-0.00123883
27.750	-0.00123997
27.791	-0.00124094
27.833	-0.00124191
27.875	-0.00124301
27.916	-0.00124415
27.958	-0.00124521
28.000	-0.00124629
28.041	-0.00124742
28.083	-0.00124833
28.125	-0.00124914
28.166	-0.00125015
28.208	-0.00125119
28.250	-0.00125217
28.291	-0.00125306
28.333	-0.00125418
28.375	-0.00125526
28.416	-0.00125636
28.458	-0.00125720
28.500	-0.00125819
28.541	-0.00125933
28.583	-0.00126036
28.625	-0.00126145
28.666	-0.00126241
28.708	-0.00126306
28.750	-0.00126389
28.793	-0.00126471
28.841	-0.00126597
28.883	-0.00126675
28.924	-0.00126773
28.966	-0.00126886
29.008	-0.00127005
29.049	-0.00127109
29.091	-0.00127201
29.133	-0.00127297
29.174	-0.00127404
29.216	-0.00127510
29.258	-0.00127603
29.300	-0.00127685
29.341	-0.00127767
29.383	-0.00127851
29.425	-0.00127940
29.466	-0.00128036
29.508	-0.00128142
29.550	-0.00128246
29.591	-0.00128318
29.633	-0.00128388
29.674	-0.00128472
29.716	-0.00128590
29.759	-0.00128696
29.801	-0.00128792
29.843	-0.00128892
29.884	-0.00128968
29.926	-0.00129071
29.968	-0.00129167
30.010	-0.00129237
30.051	-0.00129306
30.093	-0.00129413
30.135	-0.00129520
30.176	-0.00129589
30.218	-0.00129648
30.259	-0.00129717
30.301	-0.00129798
30.343	-0.00129891
30.384	-0.00130001
30.426	-0.00130095
30.468	-0.00130212
30.509	-0.00130312
30.551	-0.00130374
30.593	-0.00130457
30.634	-0.00130552
30.676	-0.00130642
30.718	-0.00130733
30.759	-0.00130810
30.801	-0.00130900
30.843	-0.00130986
30.884	-0.00131090
30.926	-0.00131193
30.968	-0.00131246
31.016	-0.00131322
31.058	-0.00131400
31.099	-0.00131487
31.141	-0.00131582
31.183	-0.00131671
31.224	-0.00131743
31.266	-0.00131828
31.308	-0.00131884
31.349	-0.00131951
31.391	-0.00132035
31.433	-0.00132154
31.475	-0.00132264
31.516	-0.00132352
31.558	-0.00132423
31.599	-0.00132457
31.641	-0.00132540
31.683	-0.00132594
31.724	-0.00132665
31.766	-0.00132759
31.808	-0.00132832
31.849	-0.00132900
31.891	-0.00132954
31.933	-0.00133002
31.974	-0.00133063
32.018	-0.00133141
32.066	-0.00133240
32.109	-0.00133307
32.151	-0.00133387
32.193	-0.00133442
32.234	-0.00133565
32.276	-0.00133683
32.325	-0.00133777
32.366	-0.00133823
32.409	-0.00133861
32.451	-0.00133930
32.493	-0.00134007
32.534	-0.00134089
32.576	-0.00134168
32.618	-0.00134230
32.659	-0.00134302
32.701	-0.00134387
32.743	-0.00134455
32.784	-0.00134525
32.826	-0.00134602
32.868	-0.00134682
32.909	-0.00134766
32.951	-0.00134833
32.993	-0.00134907
33.034	-0.00134954
33.076	-0.00134987
33.124	-0.00135075
33.168	-0.00135146
33.209	-0.00135209
33.251	-0.00135294
33.293	-0.00135342
33.334	-0.00135374
33.376	-0.00135429
33.418	-0.00135521
33.459	-0.00135608
33.501	-0.00135691
33.543	-0.00135762
33.584	-0.00135833
33.626	-0.00135913
33.668	-0.00135956
33.709	-0.00136054
33.751	-0.00136095
33.793	-0.00136138
33.834	-0.00136231
33.876	-0.00136312
33.918	-0.00136352
33.959	-0.00136424
34.001	-0.00136482
34.049	-0.00136551
34.093	-0.00136613
34.134	-0.00136679
34.176	-0.00136754
34.218	-0.00136835
34.259	-0.00136876
34.301	-0.00136937
34.343	-0.00137004
34.384	-0.00137058
34.426	-0.00137121
34.468	-0.00137146
34.509	-0.00137199
34.551	-0.00137278
34.593	-0.00137330
34.634	-0.00137378
34.676	-0.00137427
34.718	-0.00137477
34.759	-0.00137537
34.801	-0.00137596
34.843	-0.00137672
34.884	-0.00137737
34.926	-0.00137797
34.968	-0.00137833
35.009	-0.00137890
35.051	-0.00137940
35.093	-0.00137995
35.134	-0.00137990
35.176	-0.00138018
35.218	-0.00138110
35.259	-0.00138199
35.301	-0.00138242
35.343	-0.00138273
35.385	-0.00138308
35.426	-0.00138351
35.468	-0.00138403
35.510	-0.00138452
35.551	-0.00138494
35.593	-0.00138503
35.634	-0.00138519
35.676	-0.00138567
35.718	-0.00138644
35.759	-0.00138734
35.801	-0.00138807
35.843	-0.00138899
35.884	-0.00138989
35.926	-0.00139068
35.968	-0.00139117
36.009	-0.00139140
36.051	-0.00139169
36.093	-0.00139198
36.134	-0.00139208
36.176	-0.00139223
36.218	-0.00139263
36.259	-0.00139320
36.301	-0.00139371
36.343	-0.00139417
36.385	-0.00139475
36.426	-0.00139525
36.468	-0.00139562
36.510	-0.00139612
36.551	-0.00139662
36.593	-0.00139718
36.635	-0.00139764
36.676	-0.00139808
36.718	-0.00139797
36.759	-0.00139804
36.801	-0.00139846
36.842	-0.00139918
36.884	-0.00139995
36.926	-0.00140065
36.968	-0.00140167
37.009	-0.00140238
37.051	-0.00140266
37.093	-0.00140227
37.134	-0.00140240
37.176	-0.00140272
37.218	-0.00140308
37.259	-0.00140334
37.301	-0.00140365
37.343	-0.00140389
37.384	-0.00140405
37.426	-0.00140416
37.468	-0.00140439
37.509	-0.00140445
37.551	-0.00140474
37.593	-0.00140500
37.634	-0.00140536
37.676	-0.00140549
37.718	-0.00140617
37.759	-0.00140633
37.801	-0.00140675
37.843	-0.00140704
37.884	-0.00140729
37.926	-0.00140759
37.968	-0.00140817
38.009	-0.00140897
38.051	-0.00140945
38.093	-0.00140953
38.134	-0.00140923
38.176	-0.00140903
38.218	-0.00140907
38.259	-0.00140918
38.301	-0.00140951
38.343	-0.00141020
38.384	-0.00141079
38.426	-0.00141115
38.468	-0.00141130
38.509	-0.00141097
38.551	-0.00141132
38.593	-0.00141166
38.634	-0.00141209
38.676	-0.00141295
38.718	-0.00141332
38.759	-0.00141378
38.801	-0.00141456
38.843	-0.00141498
38.884	-0.00141545
38.926	-0.00141580
38.968	-0.00141610
39.009	-0.00141632
39.051	-0.00141642
39.093	-0.00141673
39.134	-0.00141711
39.176	-0.00141750
39.218	-0.00141778
39.259	-0.00141802
39.301	-0.00141812
39.343	-0.00141816
39.384	-0.00141832
39.426	-0.00141865
39.468	-0.00141908
39.509	-0.00141936
39.551	-0.00141949
39.593	-0.00141934
39.634	-0.00141933
39.676	-0.00141982
39.718	-0.00142035
39.759	-0.00142072
39.801	-0.00142092
39.843	-0.00142160
39.884	-0.00142191
39.926	-0.00142216
39.968	-0.00142219
40.009	-0.00142234
40.051	-0.00142257
40.093	-0.00142285
40.134	-0.00142290
40.176	-0.00142308
40.218	-0.00142322
40.259	-0.00142343
40.301	-0.00142361
40.343	-0.00142381
40.384	-0.00142400
40.426	-0.00142418
40.468	-0.00142445
40.509	-0.00142476
40.551	-0.00142490
40.593	-0.00142502
40.634	-0.00142510
40.676	-0.00142507
40.718	-0.00142497
40.759	-0.00142492
40.801	-0.00142504
40.843	-0.00142517
40.884	-0.00142524
40.926	-0.00142527
40.968	-0.00142547
41.009	-0.00142568
41.051	-0.00142610
41.093	-0.00142638
41.134	-0.00142654
41.176	-0.00142662
41.218	-0.00142693
41.259	-0.00142713
41.301	-0.00142711
41.343	-0.00142728
41.384	-0.00142733
41.426	-0.00142733
41.468	-0.00142731
41.509	-0.00142750
41.551	-0.00142771
41.593	-0.00142785
41.634	-0.00142805
41.676	-0.00142858
41.718	-0.00142864
41.759	-0.00142869
41.801	-0.00142875
41.843	-0.00142894
41.884	-0.00142896
41.926	-0.00142892
41.968	-0.00142900
42.009	-0.00142912
42.051	-0.00142942
42.093	-0.00142944
42.134	-0.00142926
42.176	-0.00142935
42.218	-0.00142920
42.259	-0.00142941
42.301	-0.00142893
42.343	-0.00142857
42.384	-0.00142850
42.426	-0.00142847
42.468	-0.00142869
42.509	-0.00142900
42.551	-0.00142910
42.593	-0.00142911
42.634	-0.00142923
42.676	-0.00142914
42.718	-0.00142899
42.759	-0.00142877
42.801	-0.00142835
42.843	-0.00142830
42.884	-0.00142830
42.926	-0.00142869
42.968	-0.00142863
43.009	-0.00142888
43.051	-0.00142862
43.093	-0.00142878
43.134	-0.00142872
43.176	-0.00142865
43.218	-0.00142879
43.259	-0.00142878
43.301	-0.00142879
43.343	-0.00142889
43.384	-0.00142860
43.426	-0.00142840
43.468	-0.00142895
43.509	-0.00142904
43.551	-0.00142838
43.593	-0.00142855
43.634	-0.00142891
43.676	-0.00142914
43.718	-0.00142930
43.759	-0.00142936
43.801	-0.00142902
43.843	-0.00142913
43.884	-0.00142911
43.926	-0.00142911
43.968	-0.00142942
44.009	-0.00142951
44.051	-0.00142943
44.093	-0.00142981
44.134	-0.00142967
44.176	-0.00142963
44.218	-0.00142944
44.259	-0.00142917
44.301	-0.00142904
44.343	-0.00142873
44.384	-0.00142851
44.426	-0.00142818
44.468	-0.00142797
44.509	-0.00142833
44.551	-0.00142870
44.593	-0.00142859
44.634	-0.00142849
44.676	-0.00142838
44.718	-0.00142811
44.759	-0.00142786
44.801	-0.00142762
44.843	-0.00142795
44.884	-0.00142831
44.926	-0.00142785
44.968	-0.00142777
45.009	-0.00142765
45.051	-0.00142743
45.093	-0.00142742
45.134	-0.00142732
45.176	-0.00142738
45.218	-0.00142724
45.259	-0.00142703
45.301	-0.00142674
45.343	-0.00142646
45.384	-0.00142650
45.426	-0.00142628
45.468	-0.00142621
45.509	-0.00142617
45.551	-0.00142613
45.593	-0.00142574
45.634	-0.00142548
45.676	-0.00142512
45.718	-0.00142485
45.759	-0.00142460
45.801	-0.00142420
45.843	-0.00142396
45.884	-0.00142361
45.926	-0.00142322
45.968	-0.00142317
46.009	-0.00142311
46.051	-0.00142303
46.093	-0.00142300
46.134	-0.00142299
46.176	-0.00142280
46.218	-0.00142240
46.259	-0.00142221
46.301	-0.00142190
46.343	-0.00142153
46.384	-0.00142157
46.426	-0.00142149
46.468	-0.00142122
46.509	-0.00142119
46.551	-0.00142099
46.593	-0.00142050
46.634	-0.00142031
46.676	-0.00142047
46.718	-0.00142096
46.759	-0.00142111
46.801	-0.00142120
46.843	-0.00142120
46.884	-0.00142099
46.926	-0.00142067
46.968	-0.00142029
47.009	-0.00142006
47.051	-0.00141984
47.093	-0.00141989
47.134	-0.00141987
47.176	-0.00141949
47.218	-0.00141906
47.259	-0.00141867
47.301	-0.00141876
47.343	-0.00141811
47.384	-0.00141758
47.426	-0.00141727
47.467	-0.00141728
47.509	-0.00141759
47.551	-0.00141754
47.593	-0.00141726
47.634	-0.00141690
47.676	-0.00141649
47.718	-0.00141624
47.759	-0.00141600
47.801	-0.00141544
47.843	-0.00141500
47.884	-0.00141466
47.926	-0.00141440
47.968	-0.00141449
48.009	-0.00141430
48.051	-0.00141399
48.093	-0.00141369
48.134	-0.00141347
48.176	-0.00141316
48.218	-0.00141288
48.259	-0.00141271
48.301	-0.00141243
48.343	-0.00141261
48.384	-0.00141263
48.426	-0.00141214
48.468	-0.00141181
48.509	-0.00141175
48.551	-0.00141169
48.593	-0.00141162
48.634	-0.00141171
48.676	-0.00141174
48.718	-0.00141174
48.759	-0.00141171
48.801	-0.00141148
48.843	-0.00141122
48.884	-0.00141066
48.926	-0.00141069
48.968	-0.00141051
49.009	-0.00141073
49.051	-0.00140997
49.093	-0.00140920
49.134	-0.00140886
49.176	-0.00140854
49.218	-0.00140825
49.259	-0.00140804
49.301	-0.00140769
49.343	-0.00140740
49.384	-0.00140700
49.426	-0.00140681
49.468	-0.00140680
49.509	-0.00140625
49.551	-0.00140611
49.593	-0.00140548
49.634	-0.00140549
49.676	-0.00140508
49.718	-0.00140451
49.759	-0.00140397
49.801	-0.00140362
49.843	-0.00140392
49.884	-0.00140314
49.926	-0.00140239
49.968	-0.00140260
50.009	-0.00140220
50.051	-0.00140179
50.093	-0.00140193
50.134	-0.00140138
50.176	-0.00140056
50.217	-0.00140003
50.259	-0.00139969
50.301	-0.00139954
50.343	-0.00139924
50.384	-0.00139888
50.426	-0.00139852
50.468	-0.00139822
50.509	-0.00139790
50.551	-0.00139741
50.593	-0.00139659
50.634	-0.00139585
50.676	-0.00139548
50.718	-0.00139481
50.759	-0.00139508
50.801	-0.00139458
50.843	-0.00139416
50.884	-0.00139479
50.926	-0.00139469
50.968	-0.00139459
51.009	-0.00139407
51.051	-0.00139338
51.093	-0.00139366
51.134	-0.00139329
51.176	-0.00139280
51.218	-0.00139280
51.259	-0.00139227
51.301	-0.00139195
51.343	-0.00139154
51.384	-0.00139113
51.426	-0.00139088
51.468	-0.00139078
51.509	-0.00139031
51.551	-0.00138995
51.593	-0.00138952
51.634	-0.00138885
51.676	-0.00138836
51.718	-0.00138804
51.759	-0.00138735
51.801	-0.00138741
51.843	-0.00138678
51.884	-0.00138621
51.926	-0.00138604
51.968	-0.00138542
52.009	-0.00138528
52.051	-0.00138458
52.093	-0.00138381
52.134	-0.00138328
52.176	-0.00138288
52.218	-0.00138268
52.259	-0.00138203
52.301	-0.00138169
52.342	-0.00138171
52.384	-0.00138144
52.426	-0.00138136
52.467	-0.00138105
52.509	-0.00138059
52.551	-0.00138000
52.593	-0.00137949
52.634	-0.00137913
52.676	-0.00137888
52.718	-0.00137849
52.759	-0.00137794
52.801	-0.00137726
52.843	-0.00137680
52.884	-0.00137641
52.926	-0.00137592
52.968	-0.00137591
53.009	-0.00137518
53.051	-0.00137492
53.093	-0.00137462
53.134	-0.00137437
53.176	-0.00137425
53.218	-0.00137388
53.259	-0.00137357
53.301	-0.00137339
53.343	-0.00137312
53.384	-0.00137295
53.426	-0.00137285
53.468	-0.00137254
53.509	-0.00137229
53.551	-0.00137197
53.593	-0.00137173
53.634	-0.00137180
53.676	-0.00137118
53.717	-0.00137083
53.759	-0.00137074
53.801	-0.00137092
53.843	-0.00137024
53.884	-0.00136941
53.926	-0.00136901
53.967	-0.00136864
54.009	-0.00136820
54.051	-0.00136751
54.093	-0.00136698
54.134	-0.00136647
54.176	-0.00136601
54.218	-0.00136586
54.259	-0.00136543
54.301	-0.00136485
54.343	-0.00136436
54.384	-0.00136384
54.426	-0.00136335
54.468	-0.00136287
54.509	-0.00136251
54.551	-0.00136215
54.593	-0.00136179
54.643	-0.00136122
54.684	-0.00136062
54.726	-0.00136010
54.768	-0.00135979
54.809	-0.00135951
54.851	-0.00135934
54.893	-0.00135911
54.934	-0.00135867
54.976	-0.00135809
55.018	-0.00135762
55.059	-0.00135728
55.101	-0.00135698
55.143	-0.00135638
55.184	-0.00135604
55.226	-0.00135577
55.268	-0.00135517
55.309	-0.00135475
55.351	-0.00135430
55.393	-0.00135393
55.434	-0.00135366
55.476	-0.00135352
55.518	-0.00135333
55.559	-0.00135289
55.601	-0.00135232
55.643	-0.00135165
55.684	-0.00135124
55.726	-0.00135102
55.768	-0.00135087
55.809	-0.00135060
55.851	-0.00135016
55.893	-0.00134959
55.934	-0.00134886
55.976	-0.00134893
56.018	-0.00134883
56.059	-0.00134829
56.101	-0.00134850
56.143	-0.00134795
56.184	-0.00134797
56.226	-0.00134782
56.268	-0.00134751
56.309	-0.00134702
56.351	-0.00134646
56.393	-0.00134594
56.434	-0.00134531
56.476	-0.00134514
56.518	-0.00134468
56.559	-0.00134337
56.601	-0.00134294
56.643	-0.00134249
56.684	-0.00134206
56.726	-0.00134170
56.768	-0.00134122
56.809	-0.00134055
56.851	-0.00133971
56.892	-0.00133984
56.934	-0.00133964
56.976	-0.00133936
57.017	-0.00133911
57.059	-0.00133870
57.101	-0.00133771
57.142	-0.00133680
57.184	-0.00133633
57.226	-0.00133629
57.267	-0.00133532
57.309	-0.00133522
57.351	-0.00133435
57.393	-0.00133404
57.434	-0.00133321
57.476	-0.00133251
57.518	-0.00133214
57.559	-0.00133192
57.601	-0.00133174
57.643	-0.00133130
57.684	-0.00133104
57.726	-0.00133059
57.768	-0.00132996
57.809	-0.00132969
57.851	-0.00132890
57.892	-0.00132860
57.934	-0.00132908
57.976	-0.00132880
58.017	-0.00132892
58.059	-0.00132866
58.101	-0.00132837
58.142	-0.00132817
58.184	-0.00132765
58.226	-0.00132747
58.267	-0.00132716
58.309	-0.00132680
58.351	-0.00132656
58.393	-0.00132618
58.434	-0.00132549
58.476	-0.00132487
58.518	-0.00132466
58.559	-0.00132417
58.601	-0.00132385
58.642	-0.00132343
58.684	-0.00132295
58.726	-0.00132274
58.768	-0.00132247
58.809	-0.00132213
58.851	-0.00132164
58.893	-0.00132146
58.934	-0.00132171
58.976	-0.00132088
59.017	-0.00132024
59.059	-0.00132041
59.101	-0.00132000
59.142	-0.00131960
59.184	-0.00131908
59.226	-0.00131887
59.267	-0.00131849
59.309	-0.00131821
59.351	-0.00131785
59.392	-0.00131740
59.434	-0.00131693
59.476	-0.00131635
59.517	-0.00131591
59.559	-0.00131541
59.601	-0.00131476
59.642	-0.00131426
59.684	-0.00131390
59.726	-0.00131314
59.767	-0.00131279
59.809	-0.00131201
59.851	-0.00131189
59.892	-0.00131110
59.934	-0.00131122
59.976	-0.00131056
60.018	-0.00131066
60.059	-0.00131080
60.101	-0.00131068
60.143	-0.00131045
60.184	-0.00130938
60.226	-0.00130890
60.268	-0.00130836
60.309	-0.00130780
60.351	-0.00130738
60.392	-0.00130676
60.434	-0.00130655
60.476	-0.00130666
60.517	-0.00130638
60.559	-0.00130598
60.601	-0.00130556
60.642	-0.00130523
60.684	-0.00130478
60.726	-0.00130435
60.767	-0.00130370
60.809	-0.00130305
60.851	-0.00130229
60.892	-0.00130212
60.934	-0.00130177
60.976	-0.00130143
61.018	-0.00130114
61.059	-0.00130061
61.101	-0.00129950
61.142	-0.00129940
61.184	-0.00129945
61.226	-0.00129959
61.267	-0.00129971
61.309	-0.00129951
61.351	-0.00129975
61.392	-0.00129947
61.434	-0.00129934
61.476	-0.00129877
61.518	-0.00129836
61.559	-0.00129794
61.601	-0.00129734
61.643	-0.00129698
61.684	-0.00129656
61.726	-0.00129591
61.768	-0.00129566
61.809	-0.00129534
61.851	-0.00129523
61.893	-0.00129498
61.934	-0.00129441
61.976	-0.00129400
62.018	-0.00129375
62.059	-0.00129349
62.101	-0.00129293
62.143	-0.00129241
62.184	-0.00129235
62.226	-0.00129158
62.268	-0.00129170
62.309	-0.00129210
62.351	-0.00129224
62.393	-0.00129142
62.434	-0.00129133
62.476	-0.00129091
62.517	-0.00129086
62.559	-0.00129035
62.601	-0.00129018
62.643	-0.00129004
62.684	-0.00128946
62.726	-0.00128889
62.768	-0.00128826
62.809	-0.00128764
62.851	-0.00128699
62.893	-0.00128691
62.934	-0.00128642
62.976	-0.00128593
63.018	-0.00128541
63.059	-0.00128515
63.101	-0.00128489
63.143	-0.00128424
63.184	-0.00128386
63.226	-0.00128382
63.268	-0.00128377
63.309	-0.00128341
63.351	-0.00128329
63.393	-0.00128270
63.434	-0.00128216
63.476	-0.00128203
63.518	-0.00128204
63.559	-0.00128214
63.601	-0.00128180
63.643	-0.00128156
63.684	-0.00128141
63.726	-0.00128122
63.768	-0.00128088
63.809	-0.00128073
63.851	-0.00128075
63.893	-0.00128094
63.934	-0.00128094
63.976	-0.00128086
64.018	-0.00128048
64.059	-0.00127986
64.101	-0.00127886
64.143	-0.00127899
64.184	-0.00127908
64.226	-0.00127911
64.268	-0.00127900
64.309	-0.00127876
64.351	-0.00127820
64.393	-0.00127793
64.434	-0.00127754
64.476	-0.00127684
64.518	-0.00127687
64.559	-0.00127692
64.601	-0.00127647
64.643	-0.00127614
64.684	-0.00127612
64.726	-0.00127567
64.768	-0.00127527
64.809	-0.00127413
64.851	-0.00127347
64.892	-0.00127339
64.934	-0.00127300
64.976	-0.00127326
65.018	-0.00127258
65.059	-0.00127242
65.101	-0.00127198
65.143	-0.00127204
65.184	-0.00127157
65.226	-0.00127052
65.268	-0.00127038
65.309	-0.00127016
65.351	-0.00126974
65.393	-0.00126977
65.434	-0.00126968
65.476	-0.00126966
65.518	-0.00126965
65.559	-0.00126926
65.601	-0.00126965
65.643	-0.00126997
65.684	-0.00127000
65.726	-0.00126908
65.767	-0.00126888
65.809	-0.00126897
65.851	-0.00126891
65.892	-0.00126898
65.934	-0.00126895
65.976	-0.00126895
66.018	-0.00126922
66.059	-0.00126897
66.101	-0.00126788
66.142	-0.00126723
66.184	-0.00126679
66.226	-0.00126658
66.267	-0.00126635
66.309	-0.00126651
66.351	-0.00126643
66.392	-0.00126623
66.434	-0.00126548
66.476	-0.00126498
66.517	-0.00126505
66.559	-0.00126500
66.601	-0.00126490
66.642	-0.00126506
66.684	-0.00126494
66.726	-0.00126449
66.767	-0.00126386
66.809	-0.00126349
66.851	-0.00126314
66.892	-0.00126255
66.934	-0.00126233
66.976	-0.00126221
67.017	-0.00126219
67.059	-0.00126200
67.101	-0.00126231
67.143	-0.00126211
67.184	-0.00126099
67.226	-0.00126027
67.267	-0.00126000
67.309	-0.00125992
67.351	-0.00125998
67.392	-0.00126055
67.434	-0.00126033
67.476	-0.00126034
67.517	-0.00125973
67.559	-0.00125904
67.601	-0.00125870
67.642	-0.00125895
67.684	-0.00125859
67.726	-0.00125850
67.767	-0.00125837
67.809	-0.00125808
67.851	-0.00125777
67.892	-0.00125766
67.934	-0.00125744
67.976	-0.00125713
68.017	-0.00125727
68.059	-0.00125719
68.101	-0.00125704
68.142	-0.00125694
68.184	-0.00125688
68.226	-0.00125689
68.267	-0.00125649
68.309	-0.00125651
68.351	-0.00125686
68.392	-0.00125768
68.434	-0.00125753
68.476	-0.00125775
68.517	-0.00125781
68.559	-0.00125779
68.601	-0.00125758
68.642	-0.00125765
68.684	-0.00125766
68.726	-0.00125758
68.768	-0.00125783
68.809	-0.00125812
68.851	-0.00125798
68.893	-0.00125812
68.934	-0.00125819
68.976	-0.00125837
69.018	-0.00125847
69.059	-0.00125876
69.101	-0.00125843
69.142	-0.00125817
69.184	-0.00125884
69.226	-0.00125926
69.268	-0.00125930
69.309	-0.00125867
69.351	-0.00125837
69.392	-0.00125897
69.434	-0.00125894
69.476	-0.00125899
69.517	-0.00125903
69.559	-0.00125924
69.601	-0.00125954
69.642	-0.00125965
69.684	-0.00125948
69.726	-0.00125924
69.768	-0.00125898
69.809	-0.00125875
69.851	-0.00125871
69.893	-0.00125852
69.934	-0.00125856
69.976	-0.00125846
70.018	-0.00125848
70.059	-0.00125845
70.101	-0.00125807
70.143	-0.00125824
70.184	-0.00125775
70.226	-0.00125775
70.268	-0.00125801
70.309	-0.00125839
70.351	-0.00125877
70.393	-0.00125886
70.434	-0.00125880
70.476	-0.00125860
70.518	-0.00125848
70.559	-0.00125836
70.601	-0.00125832
70.643	-0.00125844
70.684	-0.00125862
70.726	-0.00125860
70.768	-0.00125895
70.809	-0.00125945
70.851	-0.00125968
70.893	-0.00125971
70.934	-0.00125983
70.976	-0.00125985
71.018	-0.00125979
71.059	-0.00125987
71.101	-0.00126001
71.143	-0.00125992
71.184	-0.00126032
71.226	-0.00125983
71.268	-0.00126021
71.309	-0.00126031
71.351	-0.00126052
71.393	-0.00126046
71.434	-0.00126047
71.476	-0.00126049
71.518	-0.00126066
71.559	-0.00126092
71.601	-0.00126124
71.643	-0.00126170
71.684	-0.00126197
71.726	-0.00126205
71.768	-0.00126145
71.809	-0.00126152
71.851	-0.00126172
71.893	-0.00126209
71.934	-0.00126235
71.976	-0.00126258
72.018	-0.00126305
72.059	-0.00126272
72.101	-0.00126233
72.142	-0.00126288
72.184	-0.00126320
72.226	-0.00126319
72.267	-0.00126325
72.309	-0.00126343
72.351	-0.00126359
72.393	-0.00126373
72.434	-0.00126383
72.476	-0.00126372
72.518	-0.00126344
72.559	-0.00126355
72.601	-0.00126409
72.643	-0.00126396
72.684	-0.00126370
72.726	-0.00126364
72.768	-0.00126349
72.809	-0.00126366
72.851	-0.00126406
72.893	-0.00126424
72.934	-0.00126446
72.976	-0.00126478
73.018	-0.00126536
73.059	-0.00126529
73.101	-0.00126554
73.143	-0.00126583
73.184	-0.00126625
73.226	-0.00126677
73.268	-0.00126678
73.309	-0.00126587
73.351	-0.00126541
73.393	-0.00126611
73.434	-0.00126678
73.476	-0.00126741
73.517	-0.00126769
73.559	-0.00126803
73.601	-0.00126812
73.642	-0.00126815
73.684	-0.00126818
73.726	-0.00126847
73.768	-0.00126881
73.809	-0.00126896
73.851	-0.00126942
73.893	-0.00126995
73.934	-0.00127011
73.976	-0.00126985
74.017	-0.00126972
74.059	-0.00126963
74.101	-0.00126980
74.142	-0.00127066
74.184	-0.00127124
74.226	-0.00127152
74.268	-0.00127170
74.309	-0.00127200
74.351	-0.00127217
74.393	-0.00127261
74.434	-0.00127260
74.476	-0.00127316
74.518	-0.00127355
74.559	-0.00127362
74.601	-0.00127339
74.643	-0.00127255
74.684	-0.00127290
74.726	-0.00127356
74.768	-0.00127405
74.809	-0.00127433
74.851	-0.00127472
74.893	-0.00127506
74.934	-0.00127568
74.976	-0.00127590
75.018	-0.00127589
75.059	-0.00127571
75.101	-0.00127578
75.143	-0.00127604
75.184	-0.00127599
75.226	-0.00127595
75.268	-0.00127586
75.309	-0.00127579
75.351	-0.00127648
75.393	-0.00127634
75.434	-0.00127663
75.476	-0.00127764
75.518	-0.00127797
75.559	-0.00127781
75.601	-0.00127793
75.643	-0.00127856
75.684	-0.00127945
75.726	-0.00127965
75.768	-0.00127970
75.809	-0.00127965
75.851	-0.00127980
75.893	-0.00128006
75.934	-0.00128014
75.976	-0.00128013
76.018	-0.00128037
76.059	-0.00128053
76.101	-0.00128059
76.143	-0.00128055
76.184	-0.00128055
76.226	-0.00128076
76.268	-0.00128129
76.309	-0.00128177
76.351	-0.00128229
76.393	-0.00128280
76.434	-0.00128266
76.476	-0.00128323
76.518	-0.00128310
76.559	-0.00128362
76.601	-0.00128380
76.643	-0.00128408
76.684	-0.00128451
76.726	-0.00128489
76.768	-0.00128522
76.809	-0.00128571
76.851	-0.00128599
76.893	-0.00128585
76.934	-0.00128601
76.976	-0.00128616
77.018	-0.00128620
77.059	-0.00128619
77.101	-0.00128613
77.143	-0.00128623
77.184	-0.00128609
77.226	-0.00128614
77.268	-0.00128652
77.309	-0.00128695
77.351	-0.00128732
77.393	-0.00128739
77.434	-0.00128746
77.476	-0.00128766
77.518	-0.00128765
77.559	-0.00128821
77.601	-0.00128826
77.643	-0.00128878
77.684	-0.00128885
77.726	-0.00128924
77.768	-0.00128984
77.809	-0.00129032
77.851	-0.00129062
77.893	-0.00129091
77.934	-0.00129117
77.976	-0.00129114
78.018	-0.00129099
78.059	-0.00129130
78.101	-0.00129169
78.143	-0.00129183
78.184	-0.00129192
78.226	-0.00129219
78.268	-0.00129243
78.309	-0.00129254
78.351	-0.00129264
78.393	-0.00129284
78.434	-0.00129342
78.476	-0.00129388
78.518	-0.00129393
78.559	-0.00129421
78.601	-0.00129457
78.643	-0.00129498
78.684	-0.00129493
78.726	-0.00129516
78.768	-0.00129575
78.809	-0.00129685
78.851	-0.00129738
78.893	-0.00129787
78.934	-0.00129808
78.976	-0.00129842
79.018	-0.00129893
79.059	-0.00129918
79.101	-0.00129898
79.143	-0.00129899
79.184	-0.00129919
79.226	-0.00129932
79.268	-0.00129941
79.309	-0.00129945
79.351	-0.00129950
79.393	-0.00129950
79.434	-0.00129922
79.476	-0.00129960
79.518	-0.00130010
79.559	-0.00130046
79.601	-0.00130084
79.643	-0.00130110
79.684	-0.00130113
79.726	-0.00130121
79.768	-0.00130174
79.809	-0.00130223
79.851	-0.00130235
79.893	-0.00130284
79.934	-0.00130327
79.976	-0.00130328
80.018	-0.00130355
80.059	-0.00130372
80.101	-0.00130403
80.143	-0.00130473
80.184	-0.00130525
80.226	-0.00130488
80.268	-0.00130458
80.309	-0.00130441
80.351	-0.00130450
80.393	-0.00130469
80.434	-0.00130502
80.476	-0.00130476
80.518	-0.00130491
80.559	-0.00130570
80.601	-0.00130606
80.643	-0.00130676
80.684	-0.00130651
80.726	-0.00130696
80.768	-0.00130718
80.809	-0.00130724
80.851	-0.00130731
80.893	-0.00130728
80.934	-0.00130756
80.976	-0.00130715
81.018	-0.00130707
81.059	-0.00130774
81.101	-0.00130838
81.143	-0.00130887
81.184	-0.00130886
81.226	-0.00130851
81.268	-0.00130905
81.309	-0.00130911
81.351	-0.00130918
81.393	-0.00130974
81.434	-0.00130999
81.476	-0.00131008
81.518	-0.00131049
81.559	-0.00131041
81.601	-0.00131053
81.643	-0.00131130
81.684	-0.00131172
81.726	-0.00131220
81.768	-0.00131234
81.809	-0.00131250
81.851	-0.00131265
81.893	-0.00131274
81.934	-0.00131264
81.976	-0.00131275
82.018	-0.00131310
82.059	-0.00131331
82.101	-0.00131369
82.143	-0.00131382
82.184	-0.00131412
82.226	-0.00131432
82.268	-0.00131437
82.309	-0.00131448
82.351	-0.00131449
82.393	-0.00131431
82.434	-0.00131428
82.476	-0.00131416
82.518	-0.00131468
82.559	-0.00131516
82.601	-0.00131535
82.643	-0.00131551
82.684	-0.00131572
82.726	-0.00131533
82.768	-0.00131559
82.809	-0.00131552
82.851	-0.00131621
82.893	-0.00131660
82.934	-0.00131676
82.976	-0.00131690
83.018	-0.00131696
83.059	-0.00131701
83.101	-0.00131755
83.143	-0.00131805
83.184	-0.00131860
83.226	-0.00131946
83.268	-0.00131996
83.309	-0.00132056
83.351	-0.00132096
83.393	-0.00132113
83.434	-0.00132151
83.476	-0.00132161
83.518	-0.00132163
83.559	-0.00132173
83.601	-0.00132211
83.643	-0.00132191
83.684	-0.00132248
83.726	-0.00132321
83.768	-0.00132285
83.809	-0.00132265
83.851	-0.00132269
83.892	-0.00132306
83.934	-0.00132429
83.976	-0.00132494
84.018	-0.00132534
84.059	-0.00132566
84.101	-0.00132580
84.143	-0.00132589
84.184	-0.00132591
84.226	-0.00132587
84.268	-0.00132567
84.309	-0.00132570
84.351	-0.00132554
84.393	-0.00132574
84.434	-0.00132587
84.476	-0.00132579
84.518	-0.00132595
84.559	-0.00132571
84.601	-0.00132533
84.643	-0.00132503
84.684	-0.00132498
84.726	-0.00132505
84.768	-0.00132534
84.809	-0.00132602
84.851	-0.00132630
84.893	-0.00132689
84.934	-0.00132724
84.976	-0.00132791
85.018	-0.00132766
85.059	-0.00132763
85.101	-0.00132770
85.143	-0.00132811
85.184	-0.00132907
85.226	-0.00132964
85.268	-0.00133031
85.309	-0.00133031
85.351	-0.00133008
85.393	-0.00133012
85.434	-0.00133011
85.476	-0.00133037
85.518	-0.00133053
85.559	-0.00133063
85.601	-0.00133051
85.643	-0.00133077
85.684	-0.00133121
85.726	-0.00133151
85.768	-0.00133154
85.809	-0.00133163
85.851	-0.00133168
85.893	-0.00133189
85.934	-0.00133224
85.976	-0.00133279
86.018	-0.00133324
86.059	-0.00133361
86.101	-0.00133369
86.143	-0.00133396
86.185	-0.00133452
86.226	-0.00133430
86.268	-0.00133408
86.309	-0.00133412
86.351	-0.00133446
86.393	-0.00133504
86.434	-0.00133582
86.476	-0.00133638
86.518	-0.00133674
86.559	-0.00133699
86.601	-0.00133712
86.643	-0.00133737
86.684	-0.00133759
86.726	-0.00133766
86.768	-0.00133749
86.809	-0.00133744
86.851	-0.00133773
86.893	-0.00133799
86.934	-0.00133782
86.976	-0.00133829
87.018	-0.00133887
87.059	-0.00133840
87.101	-0.00133837
87.143	-0.00133842
87.184	-0.00133790
87.226	-0.00133776
87.268	-0.00133846
87.309	-0.00133925
87.351	-0.00133871
87.393	-0.00133915
87.434	-0.00133983
87.476	-0.00133948
87.518	-0.00133865
87.559	-0.00133865
87.601	-0.00133917
87.643	-0.00133963
87.684	-0.00133980
87.726	-0.00133996
87.768	-0.00134022
87.809	-0.00134040
87.851	-0.00134034
87.893	-0.00134045
87.934	-0.00134147
87.976	-0.00134229
88.018	-0.00134277
88.060	-0.00134302
88.101	-0.00134307
88.143	-0.00134258
88.184	-0.00134241
88.226	-0.00134325
88.268	-0.00134342
88.309	-0.00134415
88.351	-0.00134534
88.393	-0.00134560
88.434	-0.00134570
88.476	-0.00134646
88.518	-0.00134697
88.559	-0.00134724
88.601	-0.00134727
88.643	-0.00134743
88.684	-0.00134762
88.726	-0.00134740
88.768	-0.00134738
88.809	-0.00134741
88.851	-0.00134731
88.893	-0.00134727
88.934	-0.00134732
88.976	-0.00134705
89.018	-0.00134723
89.059	-0.00134696
89.101	-0.00134677
89.143	-0.00134653
89.184	-0.00134666
89.226	-0.00134690
89.268	-0.00134731
89.309	-0.00134820
89.351	-0.00134867
89.393	-0.00134896
89.434	-0.00134842
89.476	-0.00134866
89.518	-0.00134828
89.559	-0.00134864
89.601	-0.00134897
89.643	-0.00134894
89.684	-0.00134905
89.726	-0.00134920
89.768	-0.00134936
89.809	-0.00134959
89.851	-0.00134977
89.893	-0.00135003
89.934	-0.00135033
89.976	-0.00135081
90.018	-0.00135103
90.060	-0.00135127
90.101	-0.00135159
90.143	-0.00135209
90.185	-0.00135262
90.226	-0.00135283
90.268	-0.00135286
90.310	-0.00135273
90.351	-0.00135277
90.393	-0.00135294
90.434	-0.00135258
90.476	-0.00135259
90.518	-0.00135290
90.559	-0.00135351
90.601	-0.00135430
90.643	-0.00135459
90.684	-0.00135484
90.726	-0.00135466
90.768	-0.00135446
90.809	-0.00135455
90.851	-0.00135504
90.893	-0.00135581
90.935	-0.00135619
90.976	-0.00135606
91.018	-0.00135613
91.060	-0.00135626
91.101	-0.00135628
91.143	-0.00135667
91.185	-0.00135707
91.226	-0.00135753
91.268	-0.00135772
91.310	-0.00135813
91.351	-0.00135834
91.393	-0.00135859
91.435	-0.00135883
91.476	-0.00135895
91.518	-0.00135900
91.560	-0.00135931
91.601	-0.00135932
91.643	-0.00135944
91.685	-0.00135945
91.726	-0.00135989
91.768	-0.00135991
91.810	-0.00136005
91.851	-0.00136053
91.893	-0.00136081
91.935	-0.00136105
91.976	-0.00136130
92.018	-0.00136165
92.060	-0.00136178
92.101	-0.00136222
92.143	-0.00136276
92.185	-0.00136290
92.226	-0.00136334
92.268	-0.00136350
92.310	-0.00136348
92.351	-0.00136360
92.393	-0.00136389
92.435	-0.00136429
92.476	-0.00136484
92.518	-0.00136476
92.560	-0.00136525
92.601	-0.00136530
92.643	-0.00136563
92.685	-0.00136592
92.726	-0.00136630
92.768	-0.00136662
92.810	-0.00136683
92.851	-0.00136686
92.893	-0.00136703
92.935	-0.00136729
92.976	-0.00136739
93.018	-0.00136750
93.060	-0.00136772
93.101	-0.00136780
93.143	-0.00136794
93.185	-0.00136800
93.226	-0.00136808
93.268	-0.00136849
93.310	-0.00136884
93.351	-0.00136882
93.393	-0.00136905
93.435	-0.00136959
93.476	-0.00136959
93.518	-0.00137000
93.560	-0.00136954
93.601	-0.00136995
93.643	-0.00137030
93.685	-0.00137060
93.726	-0.00137104
93.768	-0.00137127
93.810	-0.00137162
93.851	-0.00137193
93.893	-0.00137219
93.935	-0.00137250
93.976	-0.00137271
94.018	-0.00137311
94.060	-0.00137324
94.101	-0.00137350
94.143	-0.00137395
94.185	-0.00137414
94.226	-0.00137404
94.268	-0.00137410
94.310	-0.00137498
94.351	-0.00137509
94.393	-0.00137514
94.435	-0.00137488
94.476	-0.00137532
94.518	-0.00137564
94.560	-0.00137592
94.601	-0.00137596
94.643	-0.00137648
94.685	-0.00137644
94.726	-0.00137654
94.768	-0.00137643
94.810	-0.00137671
94.851	-0.00137681
94.893	-0.00137683
94.935	-0.00137692
94.976	-0.00137672
95.018	-0.00137672
95.060	-0.00137698
95.101	-0.00137737
95.143	-0.00137761
95.185	-0.00137790
95.226	-0.00137819
95.268	-0.00137833
95.310	-0.00137860
95.351	-0.00137910
95.393	-0.00137891
95.435	-0.00137849
95.476	-0.00137906
95.518	-0.00137991
95.560	-0.00138007
95.601	-0.00138022
95.643	-0.00138005
95.685	-0.00137987
95.726	-0.00137984
95.768	-0.00137994
95.810	-0.00137993
95.851	-0.00137993
95.893	-0.00138014
95.935	-0.00138022
95.976	-0.00138009
96.018	-0.00138017
96.060	-0.00138038
96.101	-0.00138032
96.143	-0.00138012
96.185	-0.00138062
96.226	-0.00138036
96.268	-0.00138049
96.310	-0.00138123
96.351	-0.00138152
96.393	-0.00138185
96.435	-0.00138221
96.476	-0.00138316
96.518	-0.00138341
96.560	-0.00138378
96.601	-0.00138368
96.643	-0.00138375
96.685	-0.00138359
96.726	-0.00138378
96.768	-0.00138396
96.810	-0.00138401
96.851	-0.00138419
96.893	-0.00138418
96.935	-0.00138443
96.976	-0.00138462
97.018	-0.00138445
97.060	-0.00138447
97.101	-0.00138468
97.143	-0.00138491
97.185	-0.00138508
97.226	-0.00138538
97.268	-0.00138582
97.310	-0.00138576
97.351	-0.00138633
97.393	-0.00138717
97.435	-0.00138777
97.476	-0.00138813
97.518	-0.00138811
97.560	-0.00138817
97.601	-0.00138875
97.643	-0.00138920
97.685	-0.00138923
97.726	-0.00138941
97.768	-0.00138969
97.810	-0.00139023
97.851	-0.00139101
97.893	-0.00139171
97.935	-0.00139214
97.976	-0.00139250
98.018	-0.00139302
98.060	-0.00139356
98.101	-0.00139423
98.143	-0.00139472
98.185	-0.00139546
98.226	-0.00139631
98.268	-0.00139656
98.310	-0.00139702
98.351	-0.00139753
98.393	-0.00139798
98.435	-0.00139824
98.476	-0.00139836
98.518	-0.00139854
98.560	-0.00139882
98.601	-0.00139928
98.643	-0.00139983
98.685	-0.00140020
98.727	-0.00140125
98.768	-0.00140228
98.810	-0.00140299
98.851	-0.00140317
98.893	-0.00140362
98.935	-0.00140424
98.976	-0.00140476
99.018	-0.00140557
99.060	-0.00140626
99.101	-0.00140707
99.143	-0.00140802
99.185	-0.00140896
99.226	-0.00141006
99.268	-0.00141073
99.310	-0.00141112
99.351	-0.00141149
99.393	-0.00141192
99.435	-0.00141244
99.476	-0.00141282
99.518	-0.00141328
99.560	-0.00141354
99.601	-0.00141381
99.643	-0.00141427
99.685	-0.00141485
99.726	-0.00141559
99.768	-0.00141646
99.810	-0.00141754
99.851	-0.00141868
99.893	-0.00141938
99.935	-0.00141992
