# /home/hatatani/bin/sub_ww_DSC -R 0.5 -w ../../rawdata/water/average_heat05_2018_0925 DHPC16mM_heat05_01 DHPC16mM_heat05_03 DHPC16mM_heat05_05 DHPC16mM_heat05_09
# DHPC16mM_heat05_05 is subtracted by w/w = ../../rawdata/water/average_heat05_2018_0925
# DHPC16mM_heat05_05 is scaled using 0.5 K/min 
0.000	-0.00001850
0.003	-0.00001315
0.037	-0.00007926
0.083	-0.00009758
0.124	-0.00005876
0.165	-0.00008809
0.207	-0.00013299
0.257	-0.00022613
0.300	-0.00036585
0.343	-0.00045595
0.386	-0.00053810
0.429	-0.00060642
0.472	-0.00064717
0.514	-0.00072757
0.557	-0.00084538
0.600	-0.00097902
0.643	-0.00109604
0.685	-0.00118398
0.728	-0.00125514
0.770	-0.00130711
0.813	-0.00135246
0.864	-0.00139321
0.906	-0.00141715
0.948	-0.00144158
0.990	-0.00145575
1.033	-0.00146971
1.075	-0.00148292
1.117	-0.00149225
1.159	-0.00150063
1.201	-0.00150643
1.243	-0.00151063
1.285	-0.00151483
1.329	-0.00151860
1.371	-0.00152177
1.419	-0.00152461
1.461	-0.00152566
1.503	-0.00152592
1.545	-0.00152563
1.589	-0.00152533
1.630	-0.00152590
1.672	-0.00152825
1.714	-0.00153227
1.756	-0.00153591
1.798	-0.00153770
1.848	-0.00153787
1.890	-0.00153638
1.931	-0.00153382
1.973	-0.00153186
2.015	-0.00152989
2.057	-0.00152879
2.099	-0.00152759
2.149	-0.00152549
2.190	-0.00152281
2.232	-0.00152059
2.274	-0.00151812
2.316	-0.00151762
2.357	-0.00151496
2.399	-0.00151298
2.441	-0.00151100
2.483	-0.00150970
2.524	-0.00150829
2.566	-0.00150613
2.608	-0.00150478
2.650	-0.00150341
2.691	-0.00150102
2.733	-0.00149893
2.775	-0.00149645
2.816	-0.00149253
2.858	-0.00148944
2.900	-0.00148696
2.942	-0.00148386
2.983	-0.00148138
3.025	-0.00148017
3.067	-0.00147976
3.108	-0.00147909
3.150	-0.00147856
3.192	-0.00147798
3.233	-0.00147750
3.275	-0.00147684
3.317	-0.00147591
3.359	-0.00147518
3.400	-0.00147417
3.442	-0.00147318
3.484	-0.00147197
3.525	-0.00147117
3.567	-0.00146951
3.609	-0.00146841
3.650	-0.00146659
3.692	-0.00146508
3.734	-0.00146394
3.775	-0.00146201
3.817	-0.00146061
3.859	-0.00145937
3.900	-0.00145849
3.942	-0.00145757
3.984	-0.00145598
4.026	-0.00145462
4.067	-0.00145373
4.109	-0.00145268
4.151	-0.00145096
4.192	-0.00144925
4.234	-0.00144814
4.276	-0.00144683
4.317	-0.00144543
4.359	-0.00144431
4.401	-0.00144282
4.442	-0.00144165
4.484	-0.00144028
4.526	-0.00143915
4.567	-0.00143800
4.609	-0.00143671
4.651	-0.00143524
4.692	-0.00143380
4.734	-0.00143281
4.776	-0.00143163
4.817	-0.00143035
4.859	-0.00142894
4.901	-0.00142754
4.942	-0.00142625
4.984	-0.00142493
5.026	-0.00142392
5.067	-0.00142311
5.109	-0.00142214
5.151	-0.00142091
5.192	-0.00142021
5.234	-0.00141928
5.276	-0.00141818
5.317	-0.00141723
5.359	-0.00141591
5.401	-0.00141448
5.442	-0.00141357
5.484	-0.00141258
5.526	-0.00141132
5.568	-0.00141003
5.609	-0.00140889
5.651	-0.00140782
5.693	-0.00140654
5.734	-0.00140550
5.776	-0.00140484
5.817	-0.00140368
5.859	-0.00140306
5.901	-0.00140210
5.943	-0.00140086
5.984	-0.00139970
6.026	-0.00139808
6.068	-0.00139637
6.109	-0.00139488
6.151	-0.00139323
6.193	-0.00139207
6.234	-0.00139092
6.276	-0.00138968
6.318	-0.00138827
6.359	-0.00138680
6.401	-0.00138540
6.443	-0.00138398
6.484	-0.00138228
6.526	-0.00138058
6.568	-0.00137892
6.609	-0.00137673
6.651	-0.00137439
6.693	-0.00137226
6.734	-0.00137017
6.776	-0.00136782
6.818	-0.00136517
6.859	-0.00136270
6.901	-0.00136012
6.943	-0.00135754
6.984	-0.00135482
7.026	-0.00135193
7.068	-0.00134940
7.109	-0.00134700
7.151	-0.00134424
7.193	-0.00134186
7.234	-0.00133954
7.276	-0.00133711
7.318	-0.00133478
7.359	-0.00133245
7.401	-0.00133030
7.443	-0.00132816
7.484	-0.00132624
7.526	-0.00132426
7.568	-0.00132245
7.609	-0.00132061
7.651	-0.00131882
7.693	-0.00131732
7.734	-0.00131584
7.776	-0.00131430
7.818	-0.00131237
7.859	-0.00131090
7.901	-0.00130927
7.943	-0.00130768
7.984	-0.00130643
8.026	-0.00130491
8.068	-0.00130355
8.109	-0.00130219
8.151	-0.00130087
8.193	-0.00129975
8.234	-0.00129850
8.276	-0.00129699
8.318	-0.00129561
8.359	-0.00129428
8.401	-0.00129287
8.443	-0.00129144
8.484	-0.00129004
8.526	-0.00128868
8.568	-0.00128717
8.609	-0.00128575
8.651	-0.00128414
8.693	-0.00128275
8.734	-0.00128139
8.776	-0.00127996
8.818	-0.00127848
8.859	-0.00127717
8.901	-0.00127598
8.943	-0.00127468
8.984	-0.00127332
9.026	-0.00127207
9.068	-0.00127011
9.109	-0.00126841
9.151	-0.00126682
9.193	-0.00126539
9.234	-0.00126424
9.276	-0.00126332
9.318	-0.00126215
9.359	-0.00126082
9.401	-0.00125941
9.443	-0.00125798
9.484	-0.00125664
9.526	-0.00125527
9.568	-0.00125406
9.609	-0.00125277
9.651	-0.00125153
9.693	-0.00125019
9.734	-0.00124895
9.776	-0.00124754
9.818	-0.00124625
9.859	-0.00124500
9.901	-0.00124370
9.943	-0.00124229
9.984	-0.00124094
10.026	-0.00123978
10.068	-0.00123865
10.109	-0.00123741
10.151	-0.00123600
10.193	-0.00123456
10.234	-0.00123302
10.276	-0.00123166
10.318	-0.00123052
10.359	-0.00122919
10.401	-0.00122796
10.443	-0.00122666
10.484	-0.00122539
10.526	-0.00122418
10.568	-0.00122291
10.609	-0.00122166
10.651	-0.00122055
10.693	-0.00121936
10.734	-0.00121805
10.776	-0.00121690
10.818	-0.00121566
10.859	-0.00121452
10.901	-0.00121345
10.943	-0.00121242
10.984	-0.00121144
11.026	-0.00121026
11.068	-0.00120906
11.109	-0.00120795
11.151	-0.00120685
11.193	-0.00120574
11.234	-0.00120456
11.276	-0.00120343
11.318	-0.00120246
11.359	-0.00120141
11.401	-0.00120032
11.443	-0.00119942
11.484	-0.00119839
11.526	-0.00119737
11.568	-0.00119626
11.609	-0.00119531
11.651	-0.00119432
11.693	-0.00119336
11.734	-0.00119231
11.776	-0.00119133
11.818	-0.00119047
11.859	-0.00118965
11.901	-0.00118886
11.943	-0.00118807
11.984	-0.00118736
12.026	-0.00118657
12.068	-0.00118575
12.109	-0.00118498
12.151	-0.00118422
12.193	-0.00118354
12.234	-0.00118292
12.276	-0.00118219
12.318	-0.00118155
12.359	-0.00118097
12.401	-0.00118026
12.443	-0.00117970
12.484	-0.00117915
12.526	-0.00117830
12.568	-0.00117789
12.609	-0.00117733
12.651	-0.00117686
12.693	-0.00117622
12.734	-0.00117567
12.776	-0.00117519
12.818	-0.00117476
12.859	-0.00117422
12.901	-0.00117391
12.943	-0.00117357
12.984	-0.00117317
13.026	-0.00117295
13.068	-0.00117273
13.109	-0.00117257
13.151	-0.00117242
13.193	-0.00117238
13.234	-0.00117240
13.276	-0.00117222
13.318	-0.00117200
13.359	-0.00117198
13.401	-0.00117185
13.443	-0.00117174
13.484	-0.00117173
13.526	-0.00117151
13.568	-0.00117131
13.609	-0.00117129
13.651	-0.00117120
13.693	-0.00117117
13.734	-0.00117114
13.776	-0.00117110
13.818	-0.00117093
13.859	-0.00117084
13.901	-0.00117073
13.943	-0.00117059
13.984	-0.00117053
14.026	-0.00117053
14.068	-0.00117057
14.109	-0.00117057
14.151	-0.00117077
14.193	-0.00117095
14.234	-0.00117120
14.276	-0.00117137
14.318	-0.00117167
14.359	-0.00117186
14.401	-0.00117202
14.443	-0.00117214
14.484	-0.00117224
14.526	-0.00117241
14.568	-0.00117282
14.609	-0.00117311
14.651	-0.00117340
14.693	-0.00117371
14.734	-0.00117396
14.776	-0.00117430
14.818	-0.00117470
14.859	-0.00117504
14.901	-0.00117539
14.943	-0.00117573
14.984	-0.00117602
15.026	-0.00117633
15.068	-0.00117666
15.109	-0.00117717
15.151	-0.00117768
15.193	-0.00117821
15.234	-0.00117873
15.276	-0.00117926
15.318	-0.00117980
15.359	-0.00118034
15.401	-0.00118084
15.443	-0.00118134
15.484	-0.00118198
15.526	-0.00118264
15.568	-0.00118340
15.609	-0.00118413
15.651	-0.00118490
15.693	-0.00118556
15.734	-0.00118628
15.776	-0.00118703
15.818	-0.00118778
15.859	-0.00118856
15.901	-0.00118935
15.943	-0.00119014
15.984	-0.00119093
16.026	-0.00119178
16.068	-0.00119262
16.109	-0.00119340
16.151	-0.00119418
16.193	-0.00119498
16.234	-0.00119577
16.276	-0.00119668
16.318	-0.00119744
16.359	-0.00119805
16.401	-0.00119877
16.443	-0.00119963
16.484	-0.00120045
16.526	-0.00120124
16.568	-0.00120213
16.609	-0.00120301
16.651	-0.00120395
16.692	-0.00120489
16.734	-0.00120594
16.776	-0.00120690
16.817	-0.00120788
16.859	-0.00120897
16.901	-0.00121000
16.942	-0.00121089
16.984	-0.00121186
17.026	-0.00121290
17.067	-0.00121399
17.109	-0.00121515
17.151	-0.00121606
17.193	-0.00121712
17.234	-0.00121807
17.276	-0.00121900
17.318	-0.00122000
17.359	-0.00122104
17.401	-0.00122211
17.443	-0.00122316
17.484	-0.00122421
17.526	-0.00122529
17.567	-0.00122636
17.609	-0.00122744
17.651	-0.00122849
17.692	-0.00122960
17.734	-0.00123070
17.776	-0.00123175
17.818	-0.00123291
17.859	-0.00123404
17.901	-0.00123508
17.942	-0.00123626
17.984	-0.00123734
18.026	-0.00123839
18.068	-0.00123951
18.109	-0.00124057
18.151	-0.00124166
18.192	-0.00124288
18.234	-0.00124404
18.276	-0.00124529
18.318	-0.00124651
18.359	-0.00124775
18.401	-0.00124898
18.443	-0.00125014
18.484	-0.00125138
18.526	-0.00125263
18.567	-0.00125388
18.609	-0.00125513
18.651	-0.00125655
18.692	-0.00125793
18.734	-0.00125918
18.776	-0.00126041
18.817	-0.00126167
18.859	-0.00126286
18.901	-0.00126409
18.942	-0.00126536
18.984	-0.00126665
19.026	-0.00126786
19.067	-0.00126911
19.109	-0.00127033
19.151	-0.00127160
19.193	-0.00127294
19.234	-0.00127421
19.276	-0.00127551
19.317	-0.00127688
19.359	-0.00127810
19.401	-0.00127930
19.442	-0.00128054
19.484	-0.00128181
19.526	-0.00128302
19.567	-0.00128417
19.609	-0.00128536
19.651	-0.00128658
19.692	-0.00128781
19.734	-0.00128905
19.776	-0.00129028
19.817	-0.00129149
19.859	-0.00129271
19.901	-0.00129400
19.942	-0.00129533
19.984	-0.00129662
20.026	-0.00129791
20.067	-0.00129923
20.109	-0.00130057
20.151	-0.00130182
20.192	-0.00130317
20.234	-0.00130448
20.276	-0.00130575
20.317	-0.00130705
20.359	-0.00130830
20.401	-0.00130951
20.442	-0.00131077
20.484	-0.00131204
20.526	-0.00131328
20.567	-0.00131453
20.609	-0.00131576
20.651	-0.00131707
20.692	-0.00131840
20.734	-0.00131971
20.776	-0.00132103
20.817	-0.00132236
20.859	-0.00132364
20.901	-0.00132497
20.942	-0.00132635
20.984	-0.00132768
21.026	-0.00132897
21.067	-0.00133027
21.109	-0.00133156
21.151	-0.00133288
21.192	-0.00133425
21.234	-0.00133559
21.276	-0.00133691
21.317	-0.00133827
21.359	-0.00133951
21.401	-0.00134087
21.442	-0.00134221
21.484	-0.00134357
21.526	-0.00134491
21.567	-0.00134622
21.609	-0.00134739
21.651	-0.00134867
21.692	-0.00135016
21.734	-0.00135166
21.776	-0.00135300
21.817	-0.00135426
21.859	-0.00135551
21.901	-0.00135684
21.942	-0.00135822
21.984	-0.00135950
22.026	-0.00136100
22.067	-0.00136244
22.109	-0.00136386
22.151	-0.00136524
22.192	-0.00136660
22.234	-0.00136789
22.276	-0.00136922
22.317	-0.00137059
22.359	-0.00137199
22.401	-0.00137340
22.442	-0.00137485
22.484	-0.00137629
22.526	-0.00137773
22.567	-0.00137924
22.609	-0.00138068
22.651	-0.00138224
22.692	-0.00138383
22.734	-0.00138531
22.776	-0.00138679
22.817	-0.00138840
22.859	-0.00138999
22.901	-0.00139146
22.942	-0.00139293
22.984	-0.00139438
23.026	-0.00139579
23.067	-0.00139718
23.109	-0.00139844
23.151	-0.00139981
23.192	-0.00140115
23.234	-0.00140246
23.276	-0.00140386
23.317	-0.00140531
23.359	-0.00140671
23.401	-0.00140817
23.442	-0.00140967
23.484	-0.00141116
23.526	-0.00141264
23.567	-0.00141413
23.609	-0.00141559
23.651	-0.00141699
23.692	-0.00141841
23.734	-0.00141989
23.776	-0.00142141
23.817	-0.00142298
23.859	-0.00142455
23.901	-0.00142607
23.942	-0.00142752
23.984	-0.00142896
24.026	-0.00143040
24.067	-0.00143187
24.109	-0.00143343
24.151	-0.00143495
24.192	-0.00143639
24.234	-0.00143785
24.276	-0.00143942
24.317	-0.00144085
24.359	-0.00144230
24.401	-0.00144374
24.442	-0.00144520
24.484	-0.00144661
24.526	-0.00144804
24.567	-0.00144947
24.609	-0.00145083
24.651	-0.00145220
24.692	-0.00145356
24.734	-0.00145493
24.776	-0.00145632
24.817	-0.00145772
24.859	-0.00145911
24.901	-0.00146049
24.942	-0.00146191
24.984	-0.00146322
25.026	-0.00146456
25.067	-0.00146592
25.109	-0.00146727
25.151	-0.00146859
25.192	-0.00147003
25.234	-0.00147135
25.276	-0.00147264
25.317	-0.00147396
25.359	-0.00147522
25.401	-0.00147648
25.442	-0.00147783
25.484	-0.00147915
25.526	-0.00148045
25.567	-0.00148179
25.609	-0.00148317
25.651	-0.00148461
25.692	-0.00148595
25.734	-0.00148727
25.776	-0.00148865
25.817	-0.00149001
25.859	-0.00149145
25.901	-0.00149293
25.942	-0.00149435
25.984	-0.00149586
26.026	-0.00149741
26.067	-0.00149891
26.109	-0.00150036
26.151	-0.00150180
26.192	-0.00150314
26.234	-0.00150449
26.276	-0.00150586
26.317	-0.00150729
26.359	-0.00150881
26.401	-0.00151017
26.442	-0.00151149
26.484	-0.00151283
26.526	-0.00151424
26.567	-0.00151559
26.609	-0.00151695
26.651	-0.00151843
26.692	-0.00151987
26.734	-0.00152123
26.776	-0.00152257
26.817	-0.00152389
26.859	-0.00152527
26.901	-0.00152664
26.942	-0.00152789
26.984	-0.00152920
27.026	-0.00153058
27.067	-0.00153202
27.109	-0.00153338
27.151	-0.00153484
27.192	-0.00153637
27.234	-0.00153773
27.276	-0.00153914
27.317	-0.00154058
27.359	-0.00154202
27.401	-0.00154347
27.442	-0.00154495
27.484	-0.00154635
27.526	-0.00154789
27.567	-0.00154924
27.609	-0.00155057
27.651	-0.00155198
27.692	-0.00155349
27.734	-0.00155502
27.776	-0.00155649
27.817	-0.00155792
27.859	-0.00155937
27.901	-0.00156083
27.942	-0.00156225
27.984	-0.00156363
28.026	-0.00156516
28.067	-0.00156645
28.109	-0.00156767
28.151	-0.00156908
28.192	-0.00157055
28.234	-0.00157199
28.276	-0.00157330
28.317	-0.00157480
28.359	-0.00157637
28.401	-0.00157794
28.442	-0.00157935
28.484	-0.00158074
28.526	-0.00158220
28.567	-0.00158355
28.609	-0.00158505
28.651	-0.00158656
28.692	-0.00158788
28.734	-0.00158917
28.776	-0.00159050
28.817	-0.00159187
28.859	-0.00159327
28.901	-0.00159463
28.942	-0.00159611
28.984	-0.00159753
29.026	-0.00159890
29.067	-0.00160013
29.109	-0.00160142
29.151	-0.00160276
29.192	-0.00160417
29.234	-0.00160557
29.276	-0.00160677
29.317	-0.00160792
29.359	-0.00160896
29.401	-0.00161006
29.442	-0.00161128
29.484	-0.00161274
29.526	-0.00161409
29.567	-0.00161505
29.609	-0.00161604
29.650	-0.00161709
29.692	-0.00161841
29.734	-0.00161986
29.776	-0.00162114
29.817	-0.00162232
29.859	-0.00162345
29.901	-0.00162434
29.942	-0.00162550
29.984	-0.00162648
30.025	-0.00162745
30.067	-0.00162870
30.109	-0.00162998
30.150	-0.00163133
30.192	-0.00163234
30.234	-0.00163352
30.275	-0.00163453
30.317	-0.00163564
30.359	-0.00163667
30.400	-0.00163764
30.442	-0.00163891
30.484	-0.00163989
30.525	-0.00164087
30.567	-0.00164180
30.609	-0.00164289
30.650	-0.00164389
30.692	-0.00164480
30.734	-0.00164571
30.775	-0.00164649
30.817	-0.00164730
30.859	-0.00164819
30.901	-0.00164952
30.942	-0.00165044
30.984	-0.00165084
31.025	-0.00165163
31.067	-0.00165253
31.109	-0.00165341
31.150	-0.00165449
31.192	-0.00165539
31.234	-0.00165624
31.275	-0.00165716
31.317	-0.00165794
31.359	-0.00165873
31.401	-0.00165985
31.442	-0.00166102
31.484	-0.00166169
31.525	-0.00166234
31.567	-0.00166308
31.609	-0.00166416
31.650	-0.00166514
31.692	-0.00166573
31.734	-0.00166627
31.775	-0.00166733
31.817	-0.00166803
31.859	-0.00166869
31.900	-0.00166927
31.942	-0.00166997
31.984	-0.00167056
32.025	-0.00167141
32.067	-0.00167232
32.109	-0.00167283
32.150	-0.00167373
32.192	-0.00167466
32.234	-0.00167578
32.276	-0.00167686
32.317	-0.00167776
32.359	-0.00167863
32.401	-0.00167939
32.442	-0.00167988
32.484	-0.00168030
32.525	-0.00168116
32.567	-0.00168232
32.609	-0.00168297
32.650	-0.00168361
32.692	-0.00168471
32.734	-0.00168587
32.775	-0.00168675
32.817	-0.00168733
32.859	-0.00168840
32.900	-0.00168918
32.942	-0.00168994
32.984	-0.00169096
33.025	-0.00169183
33.067	-0.00169216
33.109	-0.00169249
33.150	-0.00169340
33.192	-0.00169417
33.234	-0.00169449
33.275	-0.00169525
33.317	-0.00169593
33.359	-0.00169652
33.400	-0.00169724
33.442	-0.00169798
33.484	-0.00169877
33.525	-0.00169955
33.567	-0.00170021
33.609	-0.00170102
33.650	-0.00170204
33.692	-0.00170283
33.734	-0.00170302
33.775	-0.00170356
33.817	-0.00170457
33.859	-0.00170513
33.900	-0.00170563
33.942	-0.00170647
33.984	-0.00170716
34.025	-0.00170753
34.067	-0.00170799
34.109	-0.00170851
34.150	-0.00170928
34.192	-0.00171019
34.234	-0.00171094
34.275	-0.00171162
34.317	-0.00171233
34.359	-0.00171301
34.400	-0.00171363
34.442	-0.00171418
34.484	-0.00171509
34.525	-0.00171602
34.567	-0.00171690
34.609	-0.00171774
34.651	-0.00171849
34.692	-0.00171916
34.734	-0.00171982
34.776	-0.00172042
34.817	-0.00172069
34.859	-0.00172131
34.900	-0.00172243
34.942	-0.00172349
34.984	-0.00172399
35.025	-0.00172472
35.067	-0.00172548
35.109	-0.00172578
35.150	-0.00172642
35.192	-0.00172715
35.234	-0.00172790
35.275	-0.00172837
35.317	-0.00172862
35.359	-0.00172907
35.400	-0.00172959
35.442	-0.00173009
35.484	-0.00173068
35.525	-0.00173100
35.567	-0.00173133
35.609	-0.00173180
35.650	-0.00173231
35.692	-0.00173268
35.734	-0.00173301
35.775	-0.00173329
35.817	-0.00173380
35.859	-0.00173429
35.900	-0.00173503
35.942	-0.00173588
35.984	-0.00173598
36.025	-0.00173644
36.067	-0.00173733
36.109	-0.00173801
36.151	-0.00173854
36.192	-0.00173919
36.234	-0.00173996
36.276	-0.00174067
36.317	-0.00174121
36.359	-0.00174147
36.400	-0.00174206
36.442	-0.00174283
36.484	-0.00174356
36.525	-0.00174424
36.567	-0.00174487
36.609	-0.00174553
36.650	-0.00174616
36.692	-0.00174653
36.734	-0.00174707
36.775	-0.00174755
36.817	-0.00174805
36.859	-0.00174860
36.900	-0.00174897
36.942	-0.00174945
36.984	-0.00174995
37.025	-0.00175027
37.067	-0.00175033
37.109	-0.00175052
37.150	-0.00175080
37.192	-0.00175125
37.234	-0.00175164
37.275	-0.00175212
37.317	-0.00175254
37.359	-0.00175282
37.400	-0.00175303
37.442	-0.00175352
37.484	-0.00175383
37.525	-0.00175413
37.567	-0.00175458
37.609	-0.00175458
37.650	-0.00175451
37.692	-0.00175478
37.734	-0.00175532
37.775	-0.00175618
37.817	-0.00175623
37.859	-0.00175650
37.900	-0.00175697
37.942	-0.00175742
37.984	-0.00175793
38.025	-0.00175829
38.067	-0.00175866
38.109	-0.00175865
38.150	-0.00175882
38.192	-0.00175876
38.234	-0.00175867
38.275	-0.00175880
38.317	-0.00175886
38.359	-0.00175893
38.400	-0.00175925
38.442	-0.00175941
38.484	-0.00175954
38.525	-0.00175972
38.567	-0.00176013
38.609	-0.00176074
38.650	-0.00176111
38.692	-0.00176182
38.734	-0.00176208
38.775	-0.00176277
38.817	-0.00176340
38.859	-0.00176353
38.900	-0.00176417
38.942	-0.00176434
38.984	-0.00176494
39.025	-0.00176501
39.067	-0.00176541
39.109	-0.00176543
39.150	-0.00176601
39.192	-0.00176659
39.234	-0.00176667
39.275	-0.00176653
39.317	-0.00176685
39.359	-0.00176748
39.400	-0.00176814
39.442	-0.00176853
39.484	-0.00176852
39.525	-0.00176882
39.567	-0.00176892
39.609	-0.00176903
39.650	-0.00176922
39.692	-0.00176956
39.734	-0.00177006
39.775	-0.00177024
39.817	-0.00177055
39.859	-0.00177078
39.900	-0.00177089
39.942	-0.00177075
39.984	-0.00177095
40.025	-0.00177074
40.067	-0.00177083
40.109	-0.00177100
40.150	-0.00177122
40.192	-0.00177187
40.234	-0.00177205
40.275	-0.00177220
40.317	-0.00177230
40.359	-0.00177258
40.400	-0.00177289
40.442	-0.00177306
40.484	-0.00177342
40.525	-0.00177371
40.567	-0.00177400
40.609	-0.00177423
40.650	-0.00177436
40.692	-0.00177437
40.734	-0.00177429
40.775	-0.00177453
40.817	-0.00177506
40.859	-0.00177526
40.900	-0.00177533
40.942	-0.00177570
40.984	-0.00177567
41.025	-0.00177631
41.067	-0.00177656
41.109	-0.00177621
41.150	-0.00177617
41.192	-0.00177633
41.234	-0.00177657
41.275	-0.00177668
41.317	-0.00177679
41.359	-0.00177694
41.400	-0.00177701
41.442	-0.00177730
41.484	-0.00177740
41.525	-0.00177752
41.567	-0.00177777
41.609	-0.00177786
41.650	-0.00177795
41.692	-0.00177811
41.734	-0.00177823
41.775	-0.00177826
41.817	-0.00177844
41.859	-0.00177860
41.900	-0.00177867
41.942	-0.00177865
41.984	-0.00177872
42.025	-0.00177902
42.067	-0.00177947
42.109	-0.00177955
42.150	-0.00177951
42.192	-0.00177950
42.234	-0.00177955
42.275	-0.00177967
42.317	-0.00177981
42.359	-0.00177994
42.400	-0.00178022
42.442	-0.00178021
42.484	-0.00178019
42.525	-0.00178066
42.567	-0.00178080
42.609	-0.00178033
42.650	-0.00178010
42.692	-0.00178015
42.734	-0.00178069
42.775	-0.00178090
42.817	-0.00178090
42.859	-0.00178105
42.900	-0.00178100
42.942	-0.00178086
42.984	-0.00178068
43.025	-0.00178055
43.067	-0.00178044
43.109	-0.00178031
43.150	-0.00178011
43.192	-0.00178000
43.234	-0.00177979
43.275	-0.00177968
43.317	-0.00177981
43.359	-0.00177954
43.400	-0.00177912
43.442	-0.00177882
43.484	-0.00177885
43.525	-0.00177874
43.567	-0.00177870
43.609	-0.00177844
43.650	-0.00177836
43.692	-0.00177843
43.734	-0.00177850
43.775	-0.00177848
43.817	-0.00177857
43.859	-0.00177880
43.900	-0.00177888
43.942	-0.00177909
43.984	-0.00177915
44.025	-0.00177922
44.067	-0.00177915
44.109	-0.00177909
44.150	-0.00177899
44.192	-0.00177844
44.234	-0.00177848
44.275	-0.00177847
44.317	-0.00177845
44.359	-0.00177856
44.400	-0.00177821
44.442	-0.00177792
44.484	-0.00177837
44.525	-0.00177837
44.567	-0.00177826
44.609	-0.00177827
44.650	-0.00177816
44.692	-0.00177789
44.734	-0.00177765
44.775	-0.00177734
44.817	-0.00177706
44.859	-0.00177707
44.900	-0.00177700
44.942	-0.00177699
44.984	-0.00177691
45.025	-0.00177683
45.067	-0.00177649
45.109	-0.00177640
45.150	-0.00177651
45.192	-0.00177644
45.234	-0.00177645
45.275	-0.00177629
45.317	-0.00177622
45.359	-0.00177620
45.400	-0.00177611
45.442	-0.00177594
45.484	-0.00177578
45.525	-0.00177574
45.567	-0.00177570
45.609	-0.00177557
45.650	-0.00177500
45.692	-0.00177511
45.734	-0.00177433
45.775	-0.00177413
45.817	-0.00177394
45.859	-0.00177372
45.900	-0.00177358
45.942	-0.00177326
45.984	-0.00177334
46.025	-0.00177311
46.067	-0.00177305
46.109	-0.00177318
46.150	-0.00177329
46.192	-0.00177317
46.234	-0.00177258
46.275	-0.00177253
46.317	-0.00177217
46.359	-0.00177221
46.400	-0.00177229
46.442	-0.00177222
46.484	-0.00177202
46.525	-0.00177186
46.567	-0.00177182
46.609	-0.00177164
46.650	-0.00177116
46.692	-0.00177109
46.734	-0.00177110
46.775	-0.00177136
46.817	-0.00177069
46.859	-0.00177043
46.900	-0.00177059
46.942	-0.00176984
46.984	-0.00176972
47.025	-0.00176931
47.067	-0.00176935
47.109	-0.00176909
47.150	-0.00176887
47.192	-0.00176860
47.234	-0.00176826
47.275	-0.00176808
47.317	-0.00176801
47.359	-0.00176801
47.400	-0.00176782
47.442	-0.00176750
47.484	-0.00176713
47.525	-0.00176693
47.567	-0.00176676
47.609	-0.00176626
47.650	-0.00176557
47.692	-0.00176524
47.734	-0.00176517
47.775	-0.00176478
47.817	-0.00176445
47.859	-0.00176374
47.900	-0.00176367
47.942	-0.00176356
47.984	-0.00176352
48.025	-0.00176338
48.067	-0.00176302
48.109	-0.00176260
48.150	-0.00176222
48.192	-0.00176175
48.234	-0.00176134
48.275	-0.00176099
48.317	-0.00176083
48.359	-0.00176051
48.400	-0.00176024
48.442	-0.00176003
48.484	-0.00176042
48.525	-0.00176038
48.567	-0.00175941
48.609	-0.00175893
48.650	-0.00175906
48.692	-0.00175843
48.734	-0.00175841
48.775	-0.00175863
48.817	-0.00175819
48.859	-0.00175793
48.900	-0.00175765
48.942	-0.00175747
48.984	-0.00175703
49.025	-0.00175663
49.067	-0.00175613
49.109	-0.00175559
49.150	-0.00175499
49.192	-0.00175446
49.234	-0.00175405
49.275	-0.00175360
49.317	-0.00175323
49.359	-0.00175278
49.400	-0.00175258
49.442	-0.00175216
49.484	-0.00175174
49.525	-0.00175179
49.567	-0.00175099
49.609	-0.00175052
49.650	-0.00175074
49.692	-0.00175027
49.734	-0.00175002
49.775	-0.00174969
49.817	-0.00174933
49.859	-0.00174897
49.900	-0.00174842
49.942	-0.00174801
49.984	-0.00174764
50.025	-0.00174744
50.067	-0.00174725
50.109	-0.00174674
50.150	-0.00174609
50.192	-0.00174555
50.234	-0.00174520
50.275	-0.00174461
50.317	-0.00174440
50.359	-0.00174428
50.400	-0.00174405
50.442	-0.00174382
50.484	-0.00174365
50.525	-0.00174293
50.567	-0.00174269
50.609	-0.00174172
50.650	-0.00174085
50.692	-0.00174035
50.733	-0.00174022
50.775	-0.00173997
50.817	-0.00173973
50.859	-0.00173997
50.900	-0.00174008
50.942	-0.00173990
50.984	-0.00173897
51.025	-0.00173813
51.067	-0.00173764
51.109	-0.00173722
51.150	-0.00173692
51.192	-0.00173645
51.234	-0.00173583
51.275	-0.00173533
51.317	-0.00173474
51.359	-0.00173458
51.400	-0.00173447
51.442	-0.00173424
51.484	-0.00173401
51.525	-0.00173348
51.567	-0.00173328
51.609	-0.00173237
51.650	-0.00173167
51.692	-0.00173154
51.734	-0.00173154
51.775	-0.00173194
51.817	-0.00173214
51.859	-0.00173135
51.900	-0.00173110
51.942	-0.00173053
51.984	-0.00172993
52.025	-0.00172902
52.067	-0.00172845
52.109	-0.00172798
52.150	-0.00172730
52.192	-0.00172662
52.234	-0.00172623
52.275	-0.00172590
52.317	-0.00172557
52.359	-0.00172515
52.400	-0.00172488
52.442	-0.00172468
52.484	-0.00172419
52.525	-0.00172330
52.567	-0.00172267
52.609	-0.00172282
52.650	-0.00172198
52.692	-0.00172184
52.734	-0.00172144
52.775	-0.00172071
52.817	-0.00171984
52.859	-0.00171943
52.900	-0.00171887
52.942	-0.00171837
52.984	-0.00171770
53.025	-0.00171694
53.067	-0.00171648
53.109	-0.00171621
53.150	-0.00171587
53.192	-0.00171507
53.234	-0.00171466
53.275	-0.00171493
53.317	-0.00171423
53.359	-0.00171372
53.400	-0.00171394
53.442	-0.00171384
53.484	-0.00171362
53.525	-0.00171319
53.567	-0.00171283
53.609	-0.00171260
53.650	-0.00171223
53.692	-0.00171195
53.734	-0.00171156
53.775	-0.00171068
53.817	-0.00171002
53.859	-0.00170944
53.900	-0.00170883
53.942	-0.00170853
53.984	-0.00170801
54.025	-0.00170711
54.067	-0.00170643
54.109	-0.00170597
54.150	-0.00170572
54.192	-0.00170547
54.234	-0.00170548
54.275	-0.00170469
54.317	-0.00170389
54.359	-0.00170318
54.400	-0.00170282
54.442	-0.00170227
54.484	-0.00170171
54.525	-0.00170128
54.567	-0.00170075
54.609	-0.00170007
54.650	-0.00169923
54.692	-0.00169862
54.734	-0.00169796
54.775	-0.00169722
54.817	-0.00169673
54.859	-0.00169621
54.900	-0.00169563
54.942	-0.00169516
54.984	-0.00169465
55.025	-0.00169400
55.067	-0.00169345
55.109	-0.00169286
55.150	-0.00169219
55.192	-0.00169177
55.234	-0.00169122
55.275	-0.00169065
55.317	-0.00168999
55.359	-0.00168990
55.400	-0.00168972
55.442	-0.00168844
55.484	-0.00168828
55.525	-0.00168782
55.567	-0.00168792
55.609	-0.00168743
55.650	-0.00168705
55.692	-0.00168650
55.734	-0.00168620
55.775	-0.00168592
55.817	-0.00168552
55.859	-0.00168471
55.900	-0.00168410
55.942	-0.00168345
55.984	-0.00168288
56.025	-0.00168235
56.067	-0.00168193
56.109	-0.00168146
56.150	-0.00168083
56.192	-0.00168063
56.234	-0.00168024
56.275	-0.00167960
56.317	-0.00167906
56.359	-0.00167834
56.400	-0.00167763
56.442	-0.00167685
56.484	-0.00167635
56.525	-0.00167527
56.567	-0.00167468
56.609	-0.00167484
56.650	-0.00167439
56.692	-0.00167371
56.734	-0.00167336
56.775	-0.00167223
56.817	-0.00167146
56.858	-0.00167094
56.900	-0.00167131
56.942	-0.00167113
56.984	-0.00167064
57.025	-0.00167008
57.067	-0.00166936
57.109	-0.00166865
57.150	-0.00166807
57.192	-0.00166747
57.234	-0.00166687
57.275	-0.00166632
57.317	-0.00166568
57.359	-0.00166507
57.400	-0.00166439
57.442	-0.00166362
57.484	-0.00166268
57.525	-0.00166227
57.567	-0.00166188
57.609	-0.00166137
57.650	-0.00166103
57.692	-0.00166008
57.734	-0.00165980
57.775	-0.00165965
57.817	-0.00165847
57.859	-0.00165818
57.900	-0.00165788
57.942	-0.00165768
57.984	-0.00165752
58.025	-0.00165737
58.067	-0.00165703
58.109	-0.00165646
58.150	-0.00165595
58.192	-0.00165564
58.234	-0.00165527
58.275	-0.00165465
58.317	-0.00165416
58.359	-0.00165380
58.400	-0.00165314
58.442	-0.00165249
58.484	-0.00165167
58.525	-0.00165134
58.567	-0.00165081
58.609	-0.00164995
58.650	-0.00164967
58.692	-0.00164871
58.733	-0.00164790
58.775	-0.00164807
58.817	-0.00164731
58.859	-0.00164664
58.900	-0.00164592
58.942	-0.00164556
58.983	-0.00164456
59.025	-0.00164415
59.067	-0.00164376
59.109	-0.00164335
59.150	-0.00164296
59.192	-0.00164265
59.234	-0.00164204
59.275	-0.00164157
59.317	-0.00164096
59.359	-0.00164027
59.400	-0.00163950
59.442	-0.00163903
59.484	-0.00163852
59.525	-0.00163792
59.567	-0.00163744
59.609	-0.00163675
59.650	-0.00163621
59.692	-0.00163575
59.734	-0.00163538
59.775	-0.00163439
59.817	-0.00163355
59.859	-0.00163356
59.900	-0.00163352
59.942	-0.00163255
59.984	-0.00163220
60.025	-0.00163160
60.067	-0.00163111
60.109	-0.00163067
60.150	-0.00163009
60.192	-0.00162947
60.234	-0.00162892
60.275	-0.00162838
60.317	-0.00162747
60.359	-0.00162651
60.400	-0.00162586
60.442	-0.00162555
60.484	-0.00162516
60.525	-0.00162465
60.567	-0.00162430
60.609	-0.00162333
60.650	-0.00162244
60.692	-0.00162207
60.734	-0.00162136
60.775	-0.00162094
60.817	-0.00162025
60.859	-0.00162006
60.900	-0.00161945
60.942	-0.00161833
60.984	-0.00161805
61.025	-0.00161836
61.067	-0.00161809
61.109	-0.00161816
61.150	-0.00161756
61.192	-0.00161696
61.234	-0.00161650
61.275	-0.00161588
61.317	-0.00161562
61.359	-0.00161510
61.400	-0.00161478
61.442	-0.00161425
61.484	-0.00161327
61.525	-0.00161257
61.567	-0.00161179
61.609	-0.00161122
61.650	-0.00161072
61.692	-0.00161020
61.734	-0.00160964
61.775	-0.00160904
61.817	-0.00160843
61.859	-0.00160774
61.900	-0.00160680
61.942	-0.00160667
61.984	-0.00160603
62.025	-0.00160547
62.067	-0.00160508
62.109	-0.00160444
62.150	-0.00160372
62.192	-0.00160263
62.233	-0.00160179
62.275	-0.00160186
62.317	-0.00160170
62.359	-0.00160119
62.400	-0.00160066
62.442	-0.00159991
62.484	-0.00159938
62.525	-0.00159871
62.567	-0.00159827
62.609	-0.00159773
62.650	-0.00159716
62.692	-0.00159648
62.734	-0.00159583
62.775	-0.00159559
62.817	-0.00159536
62.859	-0.00159486
62.900	-0.00159476
62.942	-0.00159392
62.983	-0.00159316
63.025	-0.00159264
63.067	-0.00159229
63.108	-0.00159181
63.150	-0.00159115
63.192	-0.00159119
63.233	-0.00159129
63.275	-0.00159087
63.317	-0.00159039
63.359	-0.00158969
63.400	-0.00158883
63.442	-0.00158807
63.484	-0.00158768
63.525	-0.00158735
63.567	-0.00158687
63.609	-0.00158618
63.650	-0.00158573
63.692	-0.00158554
63.734	-0.00158550
63.775	-0.00158520
63.819	-0.00158484
63.860	-0.00158480
63.902	-0.00158444
63.944	-0.00158476
63.985	-0.00158471
64.027	-0.00158364
64.069	-0.00158193
64.110	-0.00158102
64.152	-0.00158086
64.193	-0.00158142
64.235	-0.00158130
64.277	-0.00158105
64.318	-0.00158039
64.360	-0.00157983
64.402	-0.00157913
64.444	-0.00157840
64.485	-0.00157775
64.527	-0.00157690
64.569	-0.00157607
64.610	-0.00157558
64.652	-0.00157536
64.694	-0.00157511
64.735	-0.00157470
64.777	-0.00157383
64.819	-0.00157268
64.860	-0.00157209
64.902	-0.00157167
64.944	-0.00157128
64.985	-0.00157081
65.027	-0.00157030
65.069	-0.00157007
65.110	-0.00156976
65.152	-0.00156932
65.194	-0.00156879
65.235	-0.00156802
65.277	-0.00156771
65.319	-0.00156717
65.360	-0.00156672
65.402	-0.00156639
65.444	-0.00156631
65.485	-0.00156596
65.527	-0.00156469
65.568	-0.00156402
65.610	-0.00156380
65.652	-0.00156423
65.693	-0.00156457
65.735	-0.00156469
65.777	-0.00156452
65.818	-0.00156408
65.860	-0.00156366
65.902	-0.00156314
65.944	-0.00156267
65.985	-0.00156236
66.027	-0.00156184
66.069	-0.00156126
66.110	-0.00156046
66.152	-0.00155995
66.194	-0.00155952
66.235	-0.00155920
66.277	-0.00155887
66.319	-0.00155862
66.360	-0.00155871
66.402	-0.00155802
66.443	-0.00155723
66.485	-0.00155682
66.527	-0.00155711
66.569	-0.00155688
66.610	-0.00155650
66.652	-0.00155629
66.694	-0.00155583
66.735	-0.00155555
66.777	-0.00155511
66.819	-0.00155471
66.860	-0.00155422
66.902	-0.00155381
66.944	-0.00155345
66.985	-0.00155327
67.027	-0.00155310
67.069	-0.00155292
67.110	-0.00155227
67.152	-0.00155158
67.194	-0.00155107
67.235	-0.00155064
67.277	-0.00154991
67.319	-0.00154955
67.360	-0.00154959
67.402	-0.00154878
67.444	-0.00154860
67.485	-0.00154829
67.527	-0.00154805
67.569	-0.00154788
67.610	-0.00154768
67.652	-0.00154749
67.694	-0.00154733
67.735	-0.00154730
67.777	-0.00154695
67.819	-0.00154673
67.860	-0.00154663
67.902	-0.00154623
67.944	-0.00154570
67.985	-0.00154544
68.027	-0.00154507
68.069	-0.00154475
68.110	-0.00154452
68.152	-0.00154425
68.194	-0.00154398
68.235	-0.00154364
68.277	-0.00154343
68.319	-0.00154318
68.360	-0.00154293
68.402	-0.00154263
68.444	-0.00154235
68.485	-0.00154190
68.527	-0.00154175
68.569	-0.00154160
68.610	-0.00154143
68.652	-0.00154131
68.694	-0.00154121
68.735	-0.00154116
68.777	-0.00154112
68.819	-0.00154091
68.860	-0.00154078
68.902	-0.00154059
68.944	-0.00154089
68.985	-0.00154073
69.027	-0.00154037
69.069	-0.00154028
69.110	-0.00154016
69.152	-0.00154009
69.194	-0.00153986
69.235	-0.00153953
69.277	-0.00153936
69.319	-0.00153925
69.360	-0.00153907
69.402	-0.00153879
69.444	-0.00153815
69.485	-0.00153771
69.527	-0.00153771
69.569	-0.00153757
69.610	-0.00153751
69.652	-0.00153745
69.694	-0.00153705
69.735	-0.00153654
69.777	-0.00153638
69.819	-0.00153556
69.860	-0.00153516
69.902	-0.00153503
69.943	-0.00153517
69.985	-0.00153569
70.027	-0.00153595
70.069	-0.00153600
70.110	-0.00153565
70.152	-0.00153515
70.194	-0.00153485
70.235	-0.00153467
70.277	-0.00153462
70.319	-0.00153458
70.360	-0.00153456
70.402	-0.00153430
70.444	-0.00153403
70.485	-0.00153377
70.527	-0.00153357
70.569	-0.00153332
70.610	-0.00153320
70.652	-0.00153347
70.694	-0.00153352
70.735	-0.00153352
70.777	-0.00153357
70.819	-0.00153372
70.860	-0.00153349
70.902	-0.00153337
70.944	-0.00153311
70.985	-0.00153271
71.027	-0.00153274
71.069	-0.00153288
71.110	-0.00153320
71.152	-0.00153326
71.194	-0.00153349
71.235	-0.00153336
71.277	-0.00153332
71.319	-0.00153332
71.360	-0.00153330
71.402	-0.00153335
71.444	-0.00153306
71.485	-0.00153293
71.527	-0.00153304
71.569	-0.00153318
71.610	-0.00153354
71.652	-0.00153355
71.694	-0.00153361
71.735	-0.00153365
71.777	-0.00153348
71.819	-0.00153352
71.860	-0.00153377
71.902	-0.00153377
71.944	-0.00153379
71.985	-0.00153382
72.027	-0.00153361
72.069	-0.00153342
72.110	-0.00153327
72.152	-0.00153304
72.194	-0.00153324
72.235	-0.00153304
72.277	-0.00153303
72.319	-0.00153318
72.360	-0.00153342
72.402	-0.00153362
72.444	-0.00153389
72.485	-0.00153383
72.527	-0.00153388
72.569	-0.00153409
72.610	-0.00153425
72.652	-0.00153445
72.694	-0.00153436
72.735	-0.00153448
72.777	-0.00153449
72.819	-0.00153461
72.860	-0.00153484
72.902	-0.00153511
72.944	-0.00153529
72.985	-0.00153572
73.027	-0.00153587
73.069	-0.00153594
73.110	-0.00153556
73.152	-0.00153547
73.194	-0.00153588
73.235	-0.00153613
73.277	-0.00153618
73.319	-0.00153605
73.360	-0.00153575
73.402	-0.00153538
73.444	-0.00153533
73.485	-0.00153609
73.527	-0.00153624
73.569	-0.00153621
73.610	-0.00153612
73.652	-0.00153608
73.694	-0.00153631
73.735	-0.00153677
73.777	-0.00153696
73.819	-0.00153716
73.860	-0.00153769
73.902	-0.00153828
73.944	-0.00153846
73.985	-0.00153840
74.027	-0.00153850
74.069	-0.00153868
74.110	-0.00153888
74.152	-0.00153908
74.194	-0.00153941
74.235	-0.00153955
74.277	-0.00153956
74.319	-0.00154007
74.360	-0.00153988
74.402	-0.00154056
74.444	-0.00154074
74.485	-0.00154087
74.527	-0.00154092
74.569	-0.00154092
74.610	-0.00154095
74.652	-0.00154094
74.694	-0.00154127
74.735	-0.00154188
74.777	-0.00154207
74.819	-0.00154229
74.860	-0.00154234
74.902	-0.00154272
74.944	-0.00154321
74.985	-0.00154328
75.027	-0.00154317
75.069	-0.00154329
75.110	-0.00154370
75.152	-0.00154412
75.194	-0.00154433
75.235	-0.00154438
75.277	-0.00154411
75.319	-0.00154469
75.360	-0.00154557
75.402	-0.00154654
75.444	-0.00154725
75.485	-0.00154742
75.527	-0.00154747
75.569	-0.00154766
75.610	-0.00154816
75.652	-0.00154902
75.694	-0.00154976
75.735	-0.00155017
75.777	-0.00155018
75.819	-0.00155020
75.860	-0.00155020
75.902	-0.00155052
75.944	-0.00155073
75.985	-0.00155092
76.027	-0.00155121
76.069	-0.00155101
76.110	-0.00155170
76.152	-0.00155215
76.194	-0.00155202
76.235	-0.00155240
76.277	-0.00155293
76.319	-0.00155352
76.360	-0.00155403
76.402	-0.00155422
76.444	-0.00155433
76.485	-0.00155472
76.527	-0.00155504
76.569	-0.00155539
76.610	-0.00155551
76.652	-0.00155585
76.694	-0.00155604
76.735	-0.00155637
76.777	-0.00155687
76.819	-0.00155744
76.860	-0.00155768
76.902	-0.00155762
76.944	-0.00155800
76.985	-0.00155809
77.027	-0.00155777
77.069	-0.00155823
77.110	-0.00155842
77.152	-0.00155880
77.194	-0.00155920
77.235	-0.00155945
77.277	-0.00155999
77.319	-0.00156051
77.360	-0.00156095
77.402	-0.00156120
77.444	-0.00156149
77.485	-0.00156175
77.527	-0.00156192
77.569	-0.00156233
77.610	-0.00156293
77.652	-0.00156324
77.694	-0.00156367
77.735	-0.00156429
77.777	-0.00156481
77.819	-0.00156527
77.860	-0.00156576
77.902	-0.00156622
77.944	-0.00156668
77.985	-0.00156661
78.027	-0.00156661
78.069	-0.00156715
78.110	-0.00156771
78.152	-0.00156799
78.194	-0.00156833
78.235	-0.00156871
78.277	-0.00156908
78.319	-0.00156947
78.360	-0.00156993
78.402	-0.00157038
78.444	-0.00157076
78.485	-0.00157125
78.527	-0.00157177
78.569	-0.00157224
78.610	-0.00157278
78.652	-0.00157327
78.694	-0.00157358
78.735	-0.00157405
78.777	-0.00157471
78.819	-0.00157540
78.860	-0.00157582
78.902	-0.00157655
78.944	-0.00157686
78.985	-0.00157735
79.027	-0.00157806
79.069	-0.00157861
79.110	-0.00157888
79.152	-0.00157934
79.194	-0.00158009
79.235	-0.00158050
79.277	-0.00158060
79.319	-0.00158087
79.360	-0.00158113
79.402	-0.00158138
79.444	-0.00158169
79.485	-0.00158224
79.527	-0.00158285
79.569	-0.00158316
79.610	-0.00158347
79.652	-0.00158375
79.694	-0.00158441
79.735	-0.00158496
79.777	-0.00158536
79.819	-0.00158570
79.860	-0.00158589
79.902	-0.00158651
79.944	-0.00158697
79.985	-0.00158729
80.027	-0.00158747
80.069	-0.00158788
80.110	-0.00158834
80.152	-0.00158879
80.194	-0.00158913
80.235	-0.00158944
80.277	-0.00158953
80.319	-0.00158969
80.360	-0.00159002
80.402	-0.00159048
80.444	-0.00159076
80.485	-0.00159102
80.527	-0.00159146
80.569	-0.00159202
80.610	-0.00159249
80.652	-0.00159314
80.694	-0.00159365
80.735	-0.00159429
80.777	-0.00159500
80.819	-0.00159558
80.860	-0.00159617
80.902	-0.00159673
80.944	-0.00159723
80.985	-0.00159773
81.027	-0.00159834
81.069	-0.00159891
81.110	-0.00159936
81.152	-0.00159962
81.194	-0.00160001
81.235	-0.00160050
81.277	-0.00160093
81.319	-0.00160127
81.360	-0.00160154
81.402	-0.00160206
81.444	-0.00160256
81.486	-0.00160292
81.527	-0.00160322
81.569	-0.00160366
81.611	-0.00160406
81.652	-0.00160457
81.694	-0.00160505
81.736	-0.00160579
81.777	-0.00160687
81.819	-0.00160770
81.861	-0.00160813
81.902	-0.00160844
81.944	-0.00160876
81.986	-0.00160914
82.027	-0.00160961
82.069	-0.00160971
82.110	-0.00161055
82.152	-0.00161115
82.194	-0.00161175
82.235	-0.00161223
82.277	-0.00161264
82.319	-0.00161303
82.361	-0.00161319
82.402	-0.00161313
82.444	-0.00161321
82.485	-0.00161356
82.527	-0.00161418
82.569	-0.00161498
82.611	-0.00161554
82.652	-0.00161586
82.694	-0.00161586
82.735	-0.00161590
82.777	-0.00161610
82.819	-0.00161662
82.861	-0.00161727
82.902	-0.00161769
82.944	-0.00161783
82.986	-0.00161827
83.027	-0.00161885
83.069	-0.00161969
83.110	-0.00162023
83.152	-0.00162058
83.194	-0.00162137
83.235	-0.00162199
83.277	-0.00162245
83.319	-0.00162286
83.360	-0.00162350
83.402	-0.00162413
83.444	-0.00162465
83.486	-0.00162526
83.527	-0.00162587
83.569	-0.00162611
83.611	-0.00162639
83.652	-0.00162670
83.694	-0.00162714
83.736	-0.00162772
83.777	-0.00162823
83.819	-0.00162851
83.861	-0.00162854
83.902	-0.00162882
83.944	-0.00162945
83.986	-0.00162992
84.027	-0.00163056
84.069	-0.00163101
84.111	-0.00163151
84.152	-0.00163216
84.194	-0.00163262
84.236	-0.00163312
84.277	-0.00163348
84.319	-0.00163383
84.360	-0.00163437
84.402	-0.00163493
84.444	-0.00163545
84.486	-0.00163569
84.527	-0.00163627
84.569	-0.00163647
84.611	-0.00163627
84.652	-0.00163630
84.694	-0.00163644
84.736	-0.00163684
84.777	-0.00163738
84.819	-0.00163797
84.861	-0.00163839
84.902	-0.00163895
84.944	-0.00163940
84.986	-0.00163962
85.027	-0.00163994
85.069	-0.00164032
85.111	-0.00164047
85.152	-0.00164093
85.194	-0.00164128
85.236	-0.00164203
85.277	-0.00164274
85.319	-0.00164300
85.361	-0.00164321
85.402	-0.00164345
85.444	-0.00164387
85.486	-0.00164426
85.527	-0.00164475
85.569	-0.00164502
85.611	-0.00164543
85.652	-0.00164615
85.694	-0.00164677
85.736	-0.00164709
85.777	-0.00164724
85.819	-0.00164758
85.861	-0.00164796
85.902	-0.00164839
85.944	-0.00164902
85.986	-0.00164965
86.027	-0.00165039
86.069	-0.00165090
86.111	-0.00165127
86.152	-0.00165190
86.194	-0.00165252
86.236	-0.00165297
86.277	-0.00165328
86.319	-0.00165354
86.361	-0.00165357
86.402	-0.00165386
86.444	-0.00165438
86.486	-0.00165475
86.527	-0.00165519
86.569	-0.00165525
86.611	-0.00165607
86.652	-0.00165688
86.694	-0.00165706
86.736	-0.00165719
86.777	-0.00165753
86.819	-0.00165793
86.861	-0.00165841
86.902	-0.00165872
86.944	-0.00165905
86.986	-0.00165944
87.027	-0.00165986
87.069	-0.00166002
87.111	-0.00166008
87.152	-0.00165989
87.194	-0.00166019
87.236	-0.00166088
87.277	-0.00166129
87.319	-0.00166160
87.361	-0.00166182
87.402	-0.00166209
87.444	-0.00166215
87.486	-0.00166204
87.527	-0.00166208
87.569	-0.00166224
87.611	-0.00166257
87.652	-0.00166295
87.694	-0.00166341
87.736	-0.00166377
87.777	-0.00166421
87.819	-0.00166477
87.861	-0.00166516
87.902	-0.00166600
87.944	-0.00166710
87.986	-0.00166763
88.027	-0.00166832
88.069	-0.00166885
88.111	-0.00166912
88.152	-0.00166955
88.194	-0.00166999
88.236	-0.00167033
88.277	-0.00167083
88.319	-0.00167141
88.361	-0.00167211
88.402	-0.00167264
88.444	-0.00167310
88.486	-0.00167353
88.527	-0.00167382
88.569	-0.00167418
88.611	-0.00167455
88.652	-0.00167513
88.694	-0.00167543
88.736	-0.00167569
88.777	-0.00167603
88.819	-0.00167642
88.861	-0.00167673
88.902	-0.00167707
88.944	-0.00167694
88.986	-0.00167729
89.027	-0.00167801
89.069	-0.00167851
89.111	-0.00167899
89.152	-0.00167924
89.194	-0.00167960
89.236	-0.00167991
89.277	-0.00168028
89.319	-0.00168066
89.361	-0.00168105
89.402	-0.00168141
89.444	-0.00168138
89.486	-0.00168157
89.527	-0.00168185
89.569	-0.00168221
89.611	-0.00168272
89.652	-0.00168283
89.694	-0.00168294
89.736	-0.00168304
89.777	-0.00168329
89.819	-0.00168351
89.861	-0.00168358
89.902	-0.00168375
89.944	-0.00168397
89.986	-0.00168436
90.027	-0.00168475
90.069	-0.00168515
90.111	-0.00168559
90.152	-0.00168611
90.194	-0.00168683
90.236	-0.00168739
90.277	-0.00168753
90.319	-0.00168762
90.361	-0.00168785
90.402	-0.00168826
90.444	-0.00168850
90.486	-0.00168871
90.527	-0.00168893
90.569	-0.00168941
90.611	-0.00169014
90.652	-0.00169061
90.694	-0.00169092
90.736	-0.00169111
90.777	-0.00169154
90.819	-0.00169162
90.861	-0.00169239
90.902	-0.00169318
90.944	-0.00169366
90.986	-0.00169390
91.027	-0.00169430
91.069	-0.00169478
91.111	-0.00169522
91.152	-0.00169570
91.194	-0.00169580
91.236	-0.00169605
91.277	-0.00169627
91.319	-0.00169669
91.361	-0.00169665
91.402	-0.00169712
91.444	-0.00169760
91.486	-0.00169778
91.527	-0.00169814
91.569	-0.00169824
91.611	-0.00169836
91.652	-0.00169855
91.694	-0.00169871
91.736	-0.00169906
91.777	-0.00169967
91.819	-0.00170029
91.861	-0.00170055
91.902	-0.00170096
91.944	-0.00170126
91.986	-0.00170167
92.027	-0.00170218
92.069	-0.00170254
92.111	-0.00170305
92.152	-0.00170342
92.194	-0.00170377
92.236	-0.00170427
92.277	-0.00170440
92.319	-0.00170470
92.361	-0.00170511
92.402	-0.00170559
92.444	-0.00170611
92.486	-0.00170628
92.527	-0.00170654
92.569	-0.00170660
92.611	-0.00170664
92.652	-0.00170676
92.694	-0.00170721
92.736	-0.00170756
92.777	-0.00170803
92.819	-0.00170834
92.861	-0.00170859
92.902	-0.00170878
92.944	-0.00170912
92.986	-0.00170935
93.027	-0.00170964
93.069	-0.00170986
93.111	-0.00171009
93.152	-0.00171046
93.194	-0.00171101
93.236	-0.00171144
93.277	-0.00171185
93.319	-0.00171219
93.361	-0.00171229
93.402	-0.00171258
93.444	-0.00171282
93.486	-0.00171304
93.527	-0.00171330
93.569	-0.00171357
93.611	-0.00171389
93.652	-0.00171399
93.694	-0.00171429
93.736	-0.00171466
93.777	-0.00171519
93.819	-0.00171574
93.861	-0.00171628
93.902	-0.00171669
93.944	-0.00171713
93.986	-0.00171748
94.027	-0.00171772
94.069	-0.00171775
94.111	-0.00171797
94.152	-0.00171829
94.194	-0.00171873
94.236	-0.00171902
94.277	-0.00171929
94.319	-0.00171978
94.361	-0.00171996
94.402	-0.00172009
94.444	-0.00172049
94.486	-0.00172081
94.527	-0.00172100
94.569	-0.00172109
94.611	-0.00172133
94.652	-0.00172181
94.694	-0.00172226
94.736	-0.00172244
94.777	-0.00172245
94.819	-0.00172273
94.861	-0.00172320
94.902	-0.00172341
94.944	-0.00172343
94.986	-0.00172389
95.027	-0.00172429
95.069	-0.00172457
95.111	-0.00172480
95.152	-0.00172518
95.194	-0.00172530
95.236	-0.00172605
95.277	-0.00172632
95.319	-0.00172655
95.361	-0.00172665
95.402	-0.00172709
95.444	-0.00172750
95.486	-0.00172787
95.527	-0.00172826
95.569	-0.00172845
95.611	-0.00172882
95.652	-0.00172899
95.694	-0.00172929
95.736	-0.00172968
95.777	-0.00172993
95.819	-0.00173012
95.861	-0.00173034
95.902	-0.00173086
95.944	-0.00173116
95.986	-0.00173172
96.027	-0.00173228
96.069	-0.00173252
96.111	-0.00173287
96.152	-0.00173328
96.194	-0.00173368
96.236	-0.00173423
96.277	-0.00173451
96.319	-0.00173471
96.361	-0.00173513
96.402	-0.00173544
96.444	-0.00173581
96.486	-0.00173627
96.527	-0.00173661
96.569	-0.00173704
96.611	-0.00173735
96.652	-0.00173768
96.694	-0.00173789
96.736	-0.00173790
96.777	-0.00173829
96.819	-0.00173862
96.861	-0.00173887
96.902	-0.00173888
96.944	-0.00173892
96.986	-0.00173920
97.027	-0.00173944
97.069	-0.00173952
97.111	-0.00173939
97.152	-0.00173996
97.194	-0.00174035
97.236	-0.00174085
97.277	-0.00174124
97.319	-0.00174161
97.361	-0.00174225
97.402	-0.00174270
97.444	-0.00174314
97.486	-0.00174321
97.527	-0.00174336
97.569	-0.00174340
97.611	-0.00174365
97.652	-0.00174392
97.694	-0.00174435
97.736	-0.00174475
97.778	-0.00174534
97.819	-0.00174578
97.861	-0.00174618
97.902	-0.00174656
97.944	-0.00174695
97.986	-0.00174749
98.027	-0.00174786
98.069	-0.00174849
98.111	-0.00174881
98.152	-0.00174931
98.194	-0.00174994
98.236	-0.00175037
98.277	-0.00175065
98.319	-0.00175091
98.361	-0.00175116
98.402	-0.00175131
98.444	-0.00175139
98.486	-0.00175154
98.527	-0.00175159
98.569	-0.00175178
98.611	-0.00175215
98.652	-0.00175232
98.694	-0.00175265
98.736	-0.00175381
98.778	-0.00175465
98.819	-0.00175458
98.861	-0.00175502
98.902	-0.00175522
98.944	-0.00175546
98.986	-0.00175590
99.028	-0.00175640
99.069	-0.00175689
99.111	-0.00175709
99.153	-0.00175745
99.194	-0.00175787
99.236	-0.00175850
99.278	-0.00175894
99.319	-0.00175931
99.361	-0.00175948
99.403	-0.00175975
99.444	-0.00175989
99.486	-0.00176004
99.528	-0.00176046
99.569	-0.00176077
99.611	-0.00176117
99.653	-0.00176145
99.694	-0.00176176
99.736	-0.00176221
99.777	-0.00176288
99.819	-0.00176347
99.861	-0.00176394
99.902	-0.00176417
99.944	-0.00176449
