# /home/hatatani/bin/sub_ww_DSC -R 0.5 -w ../../rawdata/water/average_heat05_2018_0925 DHPC18mM_heat05_01 DHPC18mM_heat05_03 DHPC18mM_heat05_05 DHPC18mM_heat05_09
# DHPC18mM_heat05_05 is subtracted by w/w = ../../rawdata/water/average_heat05_2018_0925
# DHPC18mM_heat05_05 is scaled using 0.5 K/min 
0.000	-0.00002320
0.039	-0.00009569
0.077	-0.00008858
0.117	-0.00006378
0.158	-0.00011048
0.200	-0.00016714
0.242	-0.00025409
0.293	-0.00037294
0.336	-0.00045852
0.379	-0.00053794
0.421	-0.00061091
0.464	-0.00065323
0.507	-0.00072573
0.550	-0.00084285
0.593	-0.00098104
0.635	-0.00110361
0.678	-0.00119590
0.720	-0.00127162
0.763	-0.00133079
0.805	-0.00137966
0.848	-0.00141582
0.890	-0.00144713
0.932	-0.00147095
0.974	-0.00148632
1.017	-0.00150206
1.059	-0.00151411
1.101	-0.00152154
1.143	-0.00152948
1.185	-0.00153612
1.227	-0.00153870
1.269	-0.00154321
1.311	-0.00154517
1.353	-0.00154677
1.395	-0.00154885
1.445	-0.00154889
1.487	-0.00154834
1.529	-0.00154769
1.571	-0.00154727
1.613	-0.00154730
1.654	-0.00154827
1.696	-0.00154934
1.746	-0.00154873
1.788	-0.00154543
1.830	-0.00154057
1.872	-0.00153550
1.914	-0.00153004
1.955	-0.00152480
1.997	-0.00152071
2.039	-0.00151721
2.081	-0.00151347
2.122	-0.00151012
2.164	-0.00150610
2.206	-0.00150230
2.248	-0.00149781
2.289	-0.00149348
2.331	-0.00149039
2.373	-0.00148544
2.415	-0.00148307
2.456	-0.00147837
2.498	-0.00147482
2.540	-0.00147244
2.582	-0.00146788
2.623	-0.00146437
2.665	-0.00146057
2.707	-0.00145666
2.748	-0.00145279
2.790	-0.00144796
2.832	-0.00144224
2.874	-0.00143690
2.915	-0.00143200
2.957	-0.00142761
2.999	-0.00142345
3.040	-0.00142050
3.082	-0.00141819
3.124	-0.00141539
3.165	-0.00141225
3.207	-0.00141001
3.249	-0.00140718
3.290	-0.00140455
3.332	-0.00140146
3.374	-0.00139878
3.416	-0.00139560
3.457	-0.00139229
3.499	-0.00138919
3.541	-0.00138586
3.582	-0.00138269
3.624	-0.00137941
3.666	-0.00137546
3.707	-0.00137251
3.749	-0.00136907
3.791	-0.00136564
3.832	-0.00136231
3.874	-0.00135908
3.916	-0.00135655
3.957	-0.00135331
3.999	-0.00135004
4.041	-0.00134675
4.082	-0.00134375
4.124	-0.00134049
4.166	-0.00133699
4.207	-0.00133335
4.249	-0.00133046
4.299	-0.00132683
4.341	-0.00132328
4.383	-0.00132007
4.424	-0.00131692
4.466	-0.00131400
4.508	-0.00131062
4.549	-0.00130749
4.591	-0.00130403
4.633	-0.00130110
4.674	-0.00129750
4.716	-0.00129487
4.758	-0.00129191
4.799	-0.00128792
4.841	-0.00128580
4.883	-0.00128274
4.924	-0.00127957
4.966	-0.00127680
5.008	-0.00127392
5.049	-0.00127102
5.091	-0.00126818
5.133	-0.00126511
5.174	-0.00126260
5.216	-0.00126014
5.258	-0.00125725
5.299	-0.00125459
5.341	-0.00125192
5.383	-0.00124907
5.424	-0.00124633
5.466	-0.00124392
5.508	-0.00124125
5.549	-0.00123893
5.591	-0.00123653
5.633	-0.00123380
5.674	-0.00123137
5.716	-0.00122896
5.758	-0.00122630
5.799	-0.00122370
5.841	-0.00122150
5.883	-0.00121905
5.924	-0.00121652
5.966	-0.00121449
6.008	-0.00121188
6.049	-0.00120951
6.091	-0.00120736
6.133	-0.00120505
6.174	-0.00120244
6.216	-0.00120039
6.258	-0.00119849
6.299	-0.00119610
6.341	-0.00119377
6.383	-0.00119160
6.424	-0.00118968
6.466	-0.00118731
6.508	-0.00118473
6.549	-0.00118209
6.591	-0.00117943
6.633	-0.00117659
6.674	-0.00117363
6.716	-0.00117084
6.758	-0.00116770
6.799	-0.00116471
6.841	-0.00116193
6.883	-0.00115896
6.924	-0.00115582
6.966	-0.00115273
7.008	-0.00115003
7.049	-0.00114714
7.091	-0.00114436
7.133	-0.00114141
7.174	-0.00113880
7.216	-0.00113620
7.258	-0.00113372
7.299	-0.00113138
7.341	-0.00112938
7.383	-0.00112724
7.424	-0.00112537
7.466	-0.00112344
7.508	-0.00112173
7.549	-0.00111983
7.591	-0.00111807
7.633	-0.00111632
7.674	-0.00111485
7.716	-0.00111345
7.758	-0.00111212
7.799	-0.00111076
7.841	-0.00110959
7.883	-0.00110847
7.924	-0.00110755
7.966	-0.00110676
8.008	-0.00110596
8.049	-0.00110505
8.091	-0.00110443
8.133	-0.00110369
8.174	-0.00110289
8.216	-0.00110229
8.258	-0.00110157
8.299	-0.00110110
8.341	-0.00110097
8.383	-0.00110070
8.424	-0.00110027
8.466	-0.00110000
8.508	-0.00109959
8.549	-0.00109918
8.591	-0.00109884
8.633	-0.00109843
8.674	-0.00109815
8.716	-0.00109797
8.758	-0.00109792
8.799	-0.00109764
8.841	-0.00109740
8.883	-0.00109734
8.924	-0.00109735
8.966	-0.00109729
9.008	-0.00109712
9.049	-0.00109709
9.091	-0.00109712
9.133	-0.00109713
9.174	-0.00109724
9.216	-0.00109729
9.258	-0.00109740
9.299	-0.00109742
9.341	-0.00109769
9.383	-0.00109792
9.424	-0.00109813
9.466	-0.00109836
9.508	-0.00109852
9.549	-0.00109874
9.591	-0.00109905
9.633	-0.00109935
9.674	-0.00109954
9.716	-0.00109978
9.758	-0.00110008
9.799	-0.00110054
9.841	-0.00110111
9.883	-0.00110168
9.924	-0.00110229
9.966	-0.00110285
10.008	-0.00110341
10.049	-0.00110424
10.091	-0.00110504
10.133	-0.00110570
10.174	-0.00110632
10.216	-0.00110700
10.258	-0.00110771
10.299	-0.00110855
10.341	-0.00110937
10.383	-0.00111009
10.424	-0.00111091
10.466	-0.00111172
10.508	-0.00111255
10.549	-0.00111335
10.591	-0.00111415
10.633	-0.00111506
10.674	-0.00111598
10.716	-0.00111687
10.758	-0.00111770
10.799	-0.00111861
10.841	-0.00111954
10.883	-0.00112047
10.924	-0.00112143
10.966	-0.00112239
11.008	-0.00112329
11.049	-0.00112430
11.091	-0.00112532
11.133	-0.00112624
11.174	-0.00112724
11.216	-0.00112829
11.258	-0.00112938
11.299	-0.00113037
11.341	-0.00113138
11.383	-0.00113231
11.424	-0.00113346
11.466	-0.00113451
11.508	-0.00113549
11.549	-0.00113650
11.591	-0.00113755
11.633	-0.00113861
11.674	-0.00113966
11.716	-0.00114070
11.758	-0.00114174
11.799	-0.00114279
11.841	-0.00114379
11.883	-0.00114483
11.924	-0.00114590
11.966	-0.00114698
12.008	-0.00114804
12.049	-0.00114909
12.091	-0.00115017
12.133	-0.00115125
12.174	-0.00115229
12.216	-0.00115340
12.258	-0.00115451
12.299	-0.00115561
12.341	-0.00115678
12.383	-0.00115788
12.424	-0.00115900
12.466	-0.00116016
12.508	-0.00116135
12.549	-0.00116260
12.591	-0.00116391
12.633	-0.00116520
12.674	-0.00116648
12.716	-0.00116783
12.758	-0.00116920
12.799	-0.00117069
12.841	-0.00117224
12.883	-0.00117380
12.924	-0.00117548
12.966	-0.00117711
13.008	-0.00117884
13.049	-0.00118060
13.091	-0.00118244
13.133	-0.00118440
13.174	-0.00118635
13.216	-0.00118848
13.258	-0.00119048
13.299	-0.00119247
13.341	-0.00119446
13.383	-0.00119635
13.424	-0.00119837
13.466	-0.00120057
13.508	-0.00120256
13.549	-0.00120449
13.591	-0.00120648
13.633	-0.00120845
13.683	-0.00121087
13.724	-0.00121289
13.766	-0.00121519
13.808	-0.00121737
13.849	-0.00121946
13.891	-0.00122160
13.933	-0.00122369
13.974	-0.00122581
14.018	-0.00122809
14.059	-0.00123030
14.109	-0.00123283
14.151	-0.00123507
14.199	-0.00123784
14.241	-0.00124017
14.284	-0.00124252
14.326	-0.00124471
14.368	-0.00124701
14.416	-0.00124965
14.458	-0.00125178
14.499	-0.00125390
14.541	-0.00125612
14.583	-0.00125830
14.624	-0.00126054
14.666	-0.00126293
14.708	-0.00126507
14.749	-0.00126721
14.791	-0.00126948
14.833	-0.00127171
14.874	-0.00127401
14.916	-0.00127637
14.958	-0.00127870
14.999	-0.00128094
15.041	-0.00128314
15.083	-0.00128532
15.124	-0.00128756
15.166	-0.00128981
15.208	-0.00129206
15.249	-0.00129426
15.291	-0.00129650
15.333	-0.00129869
15.374	-0.00130117
15.416	-0.00130331
15.458	-0.00130562
15.499	-0.00130788
15.541	-0.00131025
15.584	-0.00131278
15.626	-0.00131521
15.668	-0.00131765
15.709	-0.00132000
15.751	-0.00132242
15.793	-0.00132483
15.834	-0.00132732
15.876	-0.00132975
15.918	-0.00133207
15.959	-0.00133441
16.001	-0.00133679
16.043	-0.00133897
16.084	-0.00134117
16.126	-0.00134356
16.168	-0.00134614
16.209	-0.00134852
16.251	-0.00135080
16.293	-0.00135300
16.334	-0.00135505
16.376	-0.00135711
16.418	-0.00135920
16.459	-0.00136135
16.501	-0.00136352
16.543	-0.00136574
16.584	-0.00136807
16.626	-0.00137036
16.668	-0.00137275
16.709	-0.00137504
16.751	-0.00137744
16.793	-0.00137971
16.834	-0.00138204
16.876	-0.00138445
16.918	-0.00138680
16.959	-0.00138896
17.001	-0.00139110
17.043	-0.00139341
17.084	-0.00139598
17.126	-0.00139831
17.168	-0.00140052
17.209	-0.00140283
17.251	-0.00140509
17.293	-0.00140741
17.334	-0.00140979
17.376	-0.00141209
17.418	-0.00141439
17.459	-0.00141670
17.501	-0.00141907
17.543	-0.00142145
17.584	-0.00142376
17.626	-0.00142611
17.668	-0.00142839
17.709	-0.00143067
17.751	-0.00143293
17.793	-0.00143520
17.834	-0.00143755
17.876	-0.00143998
17.918	-0.00144249
17.959	-0.00144468
18.001	-0.00144667
18.043	-0.00144914
18.084	-0.00145139
18.126	-0.00145362
18.168	-0.00145580
18.209	-0.00145822
18.251	-0.00146059
18.293	-0.00146290
18.334	-0.00146524
18.376	-0.00146760
18.418	-0.00146985
18.459	-0.00147216
18.501	-0.00147445
18.543	-0.00147691
18.584	-0.00147930
18.626	-0.00148157
18.668	-0.00148408
18.709	-0.00148631
18.751	-0.00148883
18.793	-0.00149128
18.834	-0.00149358
18.876	-0.00149578
18.918	-0.00149795
18.959	-0.00150021
19.001	-0.00150255
19.043	-0.00150479
19.084	-0.00150714
19.126	-0.00150942
19.168	-0.00151160
19.209	-0.00151390
19.251	-0.00151615
19.293	-0.00151843
19.334	-0.00152067
19.376	-0.00152274
19.418	-0.00152483
19.459	-0.00152694
19.501	-0.00152898
19.543	-0.00153093
19.584	-0.00153287
19.626	-0.00153485
19.668	-0.00153683
19.709	-0.00153885
19.751	-0.00154085
19.793	-0.00154278
19.834	-0.00154478
19.876	-0.00154678
19.918	-0.00154878
19.959	-0.00155085
20.001	-0.00155290
20.043	-0.00155505
20.084	-0.00155708
20.126	-0.00155933
20.168	-0.00156168
20.209	-0.00156376
20.251	-0.00156579
20.293	-0.00156776
20.334	-0.00156982
20.376	-0.00157178
20.418	-0.00157371
20.459	-0.00157566
20.501	-0.00157764
20.543	-0.00157960
20.584	-0.00158150
20.626	-0.00158339
20.668	-0.00158542
20.709	-0.00158741
20.751	-0.00158938
20.793	-0.00159139
20.834	-0.00159332
20.876	-0.00159541
20.918	-0.00159747
20.959	-0.00159945
21.001	-0.00160150
21.043	-0.00160346
21.084	-0.00160550
21.126	-0.00160747
21.168	-0.00160950
21.209	-0.00161151
21.251	-0.00161354
21.293	-0.00161555
21.334	-0.00161762
21.376	-0.00161963
21.418	-0.00162167
21.459	-0.00162363
21.501	-0.00162559
21.543	-0.00162762
21.584	-0.00162952
21.626	-0.00163138
21.668	-0.00163336
21.709	-0.00163564
21.751	-0.00163758
21.793	-0.00163960
21.834	-0.00164135
21.876	-0.00164320
21.918	-0.00164516
21.959	-0.00164703
22.001	-0.00164888
22.043	-0.00165087
22.084	-0.00165281
22.126	-0.00165472
22.168	-0.00165660
22.209	-0.00165843
22.251	-0.00166024
22.293	-0.00166212
22.334	-0.00166400
22.376	-0.00166591
22.418	-0.00166783
22.459	-0.00166980
22.501	-0.00167172
22.543	-0.00167363
22.584	-0.00167559
22.626	-0.00167747
22.668	-0.00167947
22.709	-0.00168147
22.751	-0.00168335
22.793	-0.00168530
22.834	-0.00168727
22.876	-0.00168918
22.918	-0.00169101
22.959	-0.00169289
23.001	-0.00169469
23.043	-0.00169645
23.084	-0.00169819
23.126	-0.00169978
23.168	-0.00170151
23.209	-0.00170322
23.251	-0.00170488
23.293	-0.00170664
23.334	-0.00170837
23.376	-0.00171010
23.418	-0.00171185
23.459	-0.00171362
23.501	-0.00171541
23.543	-0.00171722
23.584	-0.00171894
23.626	-0.00172073
23.668	-0.00172241
23.709	-0.00172413
23.751	-0.00172599
23.793	-0.00172784
23.834	-0.00172970
23.876	-0.00173154
23.918	-0.00173333
23.959	-0.00173512
24.001	-0.00173690
24.043	-0.00173868
24.084	-0.00174048
24.126	-0.00174230
24.168	-0.00174405
24.209	-0.00174573
24.251	-0.00174749
24.293	-0.00174926
24.334	-0.00175089
24.376	-0.00175257
24.418	-0.00175422
24.459	-0.00175587
24.501	-0.00175754
24.543	-0.00175922
24.584	-0.00176086
24.626	-0.00176243
24.668	-0.00176397
24.709	-0.00176553
24.751	-0.00176714
24.793	-0.00176878
24.834	-0.00177041
24.876	-0.00177200
24.918	-0.00177359
24.959	-0.00177516
25.001	-0.00177668
25.043	-0.00177823
25.084	-0.00177981
25.126	-0.00178135
25.168	-0.00178290
25.209	-0.00178450
25.251	-0.00178596
25.293	-0.00178742
25.334	-0.00178890
25.376	-0.00179035
25.418	-0.00179182
25.459	-0.00179332
25.501	-0.00179477
25.543	-0.00179628
25.584	-0.00179781
25.626	-0.00179939
25.667	-0.00180088
25.709	-0.00180239
25.751	-0.00180389
25.792	-0.00180549
25.834	-0.00180709
25.876	-0.00180868
25.917	-0.00181023
25.959	-0.00181179
26.001	-0.00181342
26.043	-0.00181506
26.084	-0.00181663
26.126	-0.00181820
26.167	-0.00181974
26.209	-0.00182121
26.251	-0.00182269
26.292	-0.00182423
26.334	-0.00182583
26.376	-0.00182746
26.417	-0.00182893
26.459	-0.00183037
26.501	-0.00183188
26.542	-0.00183336
26.584	-0.00183489
26.626	-0.00183633
26.667	-0.00183787
26.709	-0.00183948
26.751	-0.00184098
26.792	-0.00184238
26.834	-0.00184382
26.876	-0.00184529
26.917	-0.00184670
26.959	-0.00184802
27.001	-0.00184941
27.042	-0.00185087
27.084	-0.00185233
27.126	-0.00185375
27.167	-0.00185531
27.209	-0.00185684
27.251	-0.00185829
27.292	-0.00185976
27.334	-0.00186124
27.376	-0.00186277
27.417	-0.00186428
27.459	-0.00186577
27.501	-0.00186723
27.542	-0.00186876
27.584	-0.00187012
27.626	-0.00187151
27.667	-0.00187298
27.709	-0.00187453
27.751	-0.00187607
27.792	-0.00187756
27.834	-0.00187902
27.876	-0.00188050
27.917	-0.00188197
27.959	-0.00188340
28.001	-0.00188485
28.042	-0.00188636
28.084	-0.00188764
28.126	-0.00188893
28.167	-0.00189041
28.209	-0.00189191
28.251	-0.00189333
28.292	-0.00189472
28.334	-0.00189631
28.376	-0.00189791
28.417	-0.00189948
28.459	-0.00190092
28.501	-0.00190237
28.542	-0.00190385
28.584	-0.00190530
28.626	-0.00190687
28.667	-0.00190839
28.709	-0.00190977
28.751	-0.00191119
28.792	-0.00191268
28.834	-0.00191415
28.876	-0.00191563
28.917	-0.00191720
28.959	-0.00191885
29.001	-0.00192041
29.042	-0.00192184
29.084	-0.00192322
29.126	-0.00192467
29.167	-0.00192622
29.209	-0.00192785
29.251	-0.00192940
29.292	-0.00193078
29.334	-0.00193214
29.376	-0.00193354
29.417	-0.00193495
29.459	-0.00193642
29.501	-0.00193800
29.542	-0.00193958
29.584	-0.00194089
29.626	-0.00194214
29.667	-0.00194347
29.709	-0.00194500
29.751	-0.00194652
29.792	-0.00194791
29.834	-0.00194935
29.876	-0.00195079
29.917	-0.00195207
29.959	-0.00195335
30.001	-0.00195475
30.042	-0.00195614
30.084	-0.00195743
30.126	-0.00195885
30.167	-0.00196019
30.209	-0.00196147
30.251	-0.00196276
30.292	-0.00196394
30.334	-0.00196521
30.376	-0.00196643
30.417	-0.00196763
30.459	-0.00196892
30.501	-0.00197019
30.542	-0.00197132
30.584	-0.00197247
30.626	-0.00197366
30.667	-0.00197448
30.709	-0.00197539
30.751	-0.00197648
30.792	-0.00197753
30.834	-0.00197880
30.876	-0.00198023
30.917	-0.00198132
30.959	-0.00198212
31.001	-0.00198309
31.042	-0.00198408
31.084	-0.00198478
31.126	-0.00198566
31.167	-0.00198683
31.209	-0.00198776
31.251	-0.00198851
31.292	-0.00198916
31.334	-0.00199003
31.376	-0.00199080
31.417	-0.00199181
31.459	-0.00199286
31.501	-0.00199377
31.542	-0.00199464
31.584	-0.00199555
31.626	-0.00199656
31.667	-0.00199725
31.709	-0.00199820
31.751	-0.00199906
31.792	-0.00200004
31.834	-0.00200093
31.876	-0.00200165
31.917	-0.00200198
31.959	-0.00200268
32.001	-0.00200352
32.042	-0.00200421
32.084	-0.00200519
32.126	-0.00200625
32.167	-0.00200722
32.209	-0.00200802
32.251	-0.00200869
32.292	-0.00200952
32.334	-0.00201034
32.375	-0.00201121
32.417	-0.00201195
32.459	-0.00201264
32.500	-0.00201362
32.542	-0.00201478
32.584	-0.00201577
32.626	-0.00201648
32.667	-0.00201721
32.709	-0.00201803
32.751	-0.00201864
32.792	-0.00201895
32.834	-0.00201961
32.875	-0.00202051
32.917	-0.00202148
32.959	-0.00202239
33.000	-0.00202328
33.042	-0.00202413
33.084	-0.00202513
33.126	-0.00202602
33.167	-0.00202682
33.209	-0.00202746
33.251	-0.00202813
33.292	-0.00202885
33.334	-0.00202905
33.375	-0.00202949
33.417	-0.00203053
33.459	-0.00203164
33.501	-0.00203264
33.542	-0.00203352
33.584	-0.00203427
33.626	-0.00203509
33.667	-0.00203582
33.709	-0.00203637
33.750	-0.00203663
33.792	-0.00203757
33.834	-0.00203882
33.875	-0.00203969
33.917	-0.00204003
33.959	-0.00204067
34.000	-0.00204124
34.042	-0.00204194
34.084	-0.00204262
34.125	-0.00204332
34.167	-0.00204406
34.209	-0.00204489
34.250	-0.00204571
34.292	-0.00204621
34.334	-0.00204636
34.375	-0.00204670
34.417	-0.00204703
34.459	-0.00204744
34.500	-0.00204789
34.542	-0.00204837
34.584	-0.00204899
34.625	-0.00204959
34.667	-0.00205020
34.709	-0.00205078
34.750	-0.00205140
34.792	-0.00205196
34.834	-0.00205261
34.875	-0.00205334
34.917	-0.00205399
34.959	-0.00205441
35.001	-0.00205498
35.042	-0.00205550
35.084	-0.00205617
35.125	-0.00205620
35.167	-0.00205652
35.209	-0.00205739
35.251	-0.00205842
35.292	-0.00205864
35.334	-0.00205904
35.376	-0.00205949
35.417	-0.00205989
35.459	-0.00206042
35.501	-0.00206135
35.542	-0.00206195
35.584	-0.00206222
35.626	-0.00206242
35.667	-0.00206311
35.709	-0.00206348
35.750	-0.00206430
35.792	-0.00206485
35.834	-0.00206565
35.875	-0.00206615
35.917	-0.00206675
35.959	-0.00206738
36.000	-0.00206747
36.042	-0.00206829
36.084	-0.00206908
36.126	-0.00206914
36.167	-0.00206925
36.209	-0.00206977
36.250	-0.00207077
36.292	-0.00207163
36.334	-0.00207193
36.375	-0.00207268
36.417	-0.00207287
36.459	-0.00207335
36.500	-0.00207380
36.542	-0.00207400
36.584	-0.00207450
36.626	-0.00207485
36.667	-0.00207512
36.709	-0.00207555
36.750	-0.00207567
36.792	-0.00207591
36.834	-0.00207641
36.876	-0.00207728
36.917	-0.00207787
36.959	-0.00207847
37.000	-0.00207850
37.042	-0.00207852
37.084	-0.00207875
37.125	-0.00207922
37.167	-0.00208022
37.209	-0.00208094
37.251	-0.00208180
37.292	-0.00208212
37.334	-0.00208258
37.376	-0.00208307
37.417	-0.00208338
37.459	-0.00208380
37.501	-0.00208397
37.542	-0.00208436
37.584	-0.00208475
37.626	-0.00208508
37.667	-0.00208531
37.709	-0.00208575
37.751	-0.00208625
37.792	-0.00208658
37.834	-0.00208686
37.876	-0.00208699
37.917	-0.00208750
37.959	-0.00208813
38.001	-0.00208865
38.042	-0.00208852
38.084	-0.00208862
38.126	-0.00208888
38.167	-0.00208903
38.209	-0.00208869
38.250	-0.00208829
38.292	-0.00208875
38.334	-0.00208884
38.375	-0.00208900
38.417	-0.00208967
38.459	-0.00209013
38.501	-0.00209057
38.542	-0.00209039
38.584	-0.00209056
38.625	-0.00209119
38.667	-0.00209120
38.709	-0.00209171
38.750	-0.00209207
38.792	-0.00209233
38.834	-0.00209272
38.875	-0.00209290
38.917	-0.00209322
38.959	-0.00209368
39.000	-0.00209361
39.042	-0.00209367
39.084	-0.00209374
39.125	-0.00209403
39.167	-0.00209438
39.209	-0.00209460
39.250	-0.00209485
39.292	-0.00209499
39.334	-0.00209523
39.375	-0.00209541
39.417	-0.00209573
39.459	-0.00209604
39.500	-0.00209622
39.542	-0.00209650
39.584	-0.00209621
39.625	-0.00209617
39.667	-0.00209678
39.709	-0.00209704
39.751	-0.00209744
39.792	-0.00209761
39.834	-0.00209792
39.876	-0.00209816
39.917	-0.00209825
39.959	-0.00209825
40.001	-0.00209836
40.042	-0.00209852
40.084	-0.00209867
40.126	-0.00209927
40.167	-0.00209917
40.209	-0.00209942
40.250	-0.00209977
40.292	-0.00209964
40.334	-0.00210018
40.376	-0.00210061
40.417	-0.00210048
40.459	-0.00210032
40.501	-0.00210077
40.542	-0.00210051
40.584	-0.00210074
40.625	-0.00210080
40.667	-0.00210092
40.709	-0.00210092
40.750	-0.00210089
40.792	-0.00210101
40.834	-0.00210115
40.875	-0.00210116
40.917	-0.00210099
40.959	-0.00210102
41.001	-0.00210099
41.042	-0.00210106
41.084	-0.00210103
41.126	-0.00210084
41.167	-0.00210088
41.209	-0.00210076
41.250	-0.00210061
41.292	-0.00210063
41.334	-0.00210075
41.375	-0.00210070
41.417	-0.00210086
41.459	-0.00210054
41.500	-0.00210087
41.542	-0.00210061
41.584	-0.00210054
41.625	-0.00210094
41.667	-0.00210121
41.709	-0.00210133
41.750	-0.00210120
41.792	-0.00210116
41.834	-0.00210146
41.876	-0.00210150
41.917	-0.00210153
41.959	-0.00210105
42.001	-0.00210122
42.042	-0.00210111
42.084	-0.00210157
42.125	-0.00210140
42.167	-0.00210161
42.209	-0.00210180
42.250	-0.00210202
42.292	-0.00210210
42.334	-0.00210229
42.375	-0.00210234
42.417	-0.00210239
42.459	-0.00210231
42.500	-0.00210215
42.542	-0.00210202
42.584	-0.00210196
42.626	-0.00210198
42.667	-0.00210169
42.709	-0.00210107
42.750	-0.00210130
42.792	-0.00210159
42.834	-0.00210178
42.875	-0.00210122
42.917	-0.00210112
42.959	-0.00210089
43.000	-0.00210099
43.042	-0.00210129
43.084	-0.00210080
43.125	-0.00210090
43.167	-0.00210107
43.209	-0.00210049
43.250	-0.00210068
43.292	-0.00210028
43.334	-0.00210040
43.375	-0.00210002
43.417	-0.00209981
43.459	-0.00209966
43.500	-0.00209932
43.542	-0.00209893
43.584	-0.00209872
43.625	-0.00209858
43.667	-0.00209845
43.709	-0.00209840
43.750	-0.00209832
43.792	-0.00209829
43.834	-0.00209820
43.875	-0.00209823
43.917	-0.00209799
43.959	-0.00209772
44.000	-0.00209789
44.042	-0.00209747
44.084	-0.00209691
44.125	-0.00209695
44.167	-0.00209743
44.209	-0.00209696
44.250	-0.00209682
44.292	-0.00209714
44.334	-0.00209705
44.375	-0.00209614
44.417	-0.00209614
44.459	-0.00209599
44.500	-0.00209593
44.542	-0.00209578
44.584	-0.00209567
44.625	-0.00209547
44.667	-0.00209547
44.709	-0.00209521
44.750	-0.00209487
44.792	-0.00209456
44.834	-0.00209424
44.875	-0.00209422
44.917	-0.00209408
44.959	-0.00209393
45.000	-0.00209390
45.042	-0.00209367
45.084	-0.00209323
45.125	-0.00209317
45.167	-0.00209311
45.209	-0.00209295
45.250	-0.00209261
45.292	-0.00209238
45.334	-0.00209201
45.375	-0.00209201
45.417	-0.00209136
45.459	-0.00209119
45.500	-0.00209062
45.542	-0.00209059
45.584	-0.00209073
45.625	-0.00209019
45.667	-0.00208951
45.709	-0.00208900
45.750	-0.00208869
45.792	-0.00208825
45.834	-0.00208797
45.875	-0.00208770
45.917	-0.00208710
45.959	-0.00208674
46.000	-0.00208643
46.042	-0.00208625
46.084	-0.00208602
46.125	-0.00208580
46.167	-0.00208552
46.209	-0.00208516
46.250	-0.00208474
46.292	-0.00208440
46.334	-0.00208392
46.375	-0.00208393
46.417	-0.00208423
46.459	-0.00208375
46.500	-0.00208299
46.542	-0.00208315
46.584	-0.00208327
46.626	-0.00208316
46.667	-0.00208302
46.709	-0.00208232
46.750	-0.00208183
46.792	-0.00208166
46.834	-0.00208124
46.875	-0.00208111
46.917	-0.00208075
46.959	-0.00208027
47.000	-0.00208007
47.042	-0.00207970
47.084	-0.00207915
47.125	-0.00207928
47.167	-0.00207828
47.209	-0.00207777
47.250	-0.00207710
47.292	-0.00207620
47.334	-0.00207579
47.375	-0.00207595
47.417	-0.00207559
47.459	-0.00207534
47.500	-0.00207507
47.542	-0.00207476
47.584	-0.00207424
47.625	-0.00207372
47.667	-0.00207323
47.709	-0.00207291
47.750	-0.00207258
47.792	-0.00207200
47.834	-0.00207181
47.875	-0.00207098
47.917	-0.00207022
47.959	-0.00207046
48.000	-0.00207088
48.042	-0.00207040
48.084	-0.00207003
48.125	-0.00206971
48.167	-0.00206926
48.209	-0.00206850
48.250	-0.00206780
48.292	-0.00206761
48.334	-0.00206745
48.375	-0.00206722
48.417	-0.00206689
48.459	-0.00206662
48.500	-0.00206649
48.542	-0.00206601
48.584	-0.00206541
48.625	-0.00206486
48.667	-0.00206458
48.709	-0.00206407
48.750	-0.00206421
48.792	-0.00206350
48.834	-0.00206260
48.875	-0.00206232
48.917	-0.00206255
48.959	-0.00206266
49.000	-0.00206197
49.042	-0.00206136
49.084	-0.00206046
49.125	-0.00205975
49.167	-0.00205900
49.209	-0.00205856
49.250	-0.00205808
49.292	-0.00205766
49.334	-0.00205737
49.375	-0.00205672
49.417	-0.00205612
49.459	-0.00205621
49.500	-0.00205583
49.542	-0.00205527
49.584	-0.00205502
49.625	-0.00205422
49.667	-0.00205393
49.709	-0.00205331
49.750	-0.00205248
49.792	-0.00205183
49.834	-0.00205134
49.875	-0.00205059
49.917	-0.00204970
49.959	-0.00204911
50.000	-0.00204883
50.042	-0.00204842
50.084	-0.00204777
50.125	-0.00204715
50.167	-0.00204676
50.209	-0.00204629
50.250	-0.00204593
50.292	-0.00204535
50.334	-0.00204484
50.375	-0.00204448
50.417	-0.00204408
50.459	-0.00204377
50.500	-0.00204328
50.542	-0.00204270
50.584	-0.00204208
50.625	-0.00204123
50.667	-0.00204054
50.709	-0.00204011
50.750	-0.00203966
50.792	-0.00203930
50.834	-0.00203899
50.875	-0.00203890
50.917	-0.00203840
50.959	-0.00203770
51.000	-0.00203699
51.042	-0.00203636
51.084	-0.00203589
51.125	-0.00203457
51.167	-0.00203363
51.209	-0.00203360
51.250	-0.00203312
51.292	-0.00203275
51.334	-0.00203244
51.375	-0.00203219
51.417	-0.00203178
51.459	-0.00203141
51.500	-0.00203096
51.542	-0.00203043
51.584	-0.00202981
51.625	-0.00202902
51.667	-0.00202813
51.709	-0.00202763
51.750	-0.00202668
51.792	-0.00202585
51.834	-0.00202522
51.875	-0.00202432
51.917	-0.00202365
51.959	-0.00202295
52.000	-0.00202186
52.042	-0.00202094
52.084	-0.00202058
52.125	-0.00201992
52.167	-0.00201922
52.209	-0.00201860
52.250	-0.00201798
52.292	-0.00201735
52.334	-0.00201689
52.375	-0.00201637
52.417	-0.00201580
52.459	-0.00201542
52.500	-0.00201460
52.542	-0.00201359
52.584	-0.00201282
52.625	-0.00201220
52.667	-0.00201176
52.709	-0.00201125
52.750	-0.00201071
52.792	-0.00200934
52.834	-0.00200843
52.875	-0.00200829
52.917	-0.00200850
52.959	-0.00200835
53.000	-0.00200712
53.042	-0.00200619
53.084	-0.00200567
53.125	-0.00200469
53.167	-0.00200466
53.209	-0.00200453
53.250	-0.00200345
53.292	-0.00200286
53.334	-0.00200256
53.375	-0.00200210
53.417	-0.00200156
53.459	-0.00200128
53.500	-0.00200065
53.542	-0.00199993
53.584	-0.00199943
53.625	-0.00199857
53.667	-0.00199769
53.709	-0.00199739
53.750	-0.00199672
53.792	-0.00199596
53.834	-0.00199522
53.875	-0.00199439
53.917	-0.00199374
53.959	-0.00199302
54.000	-0.00199229
54.042	-0.00199154
54.084	-0.00199079
54.125	-0.00199003
54.167	-0.00198946
54.209	-0.00198892
54.250	-0.00198850
54.292	-0.00198777
54.334	-0.00198704
54.375	-0.00198607
54.417	-0.00198527
54.459	-0.00198454
54.500	-0.00198359
54.542	-0.00198312
54.584	-0.00198212
54.625	-0.00198114
54.667	-0.00198022
54.709	-0.00197929
54.750	-0.00197823
54.792	-0.00197735
54.834	-0.00197665
54.875	-0.00197656
54.917	-0.00197602
54.959	-0.00197526
55.000	-0.00197434
55.042	-0.00197313
55.084	-0.00197197
55.125	-0.00197096
55.167	-0.00197015
55.209	-0.00196936
55.250	-0.00196857
55.292	-0.00196753
55.334	-0.00196686
55.375	-0.00196602
55.417	-0.00196501
55.459	-0.00196496
55.500	-0.00196389
55.542	-0.00196352
55.584	-0.00196286
55.625	-0.00196241
55.667	-0.00196174
55.709	-0.00196111
55.750	-0.00196076
55.792	-0.00196010
55.834	-0.00195941
55.875	-0.00195833
55.917	-0.00195752
55.959	-0.00195685
56.000	-0.00195612
56.042	-0.00195552
56.084	-0.00195493
56.125	-0.00195409
56.167	-0.00195356
56.209	-0.00195287
56.250	-0.00195227
56.292	-0.00195149
56.334	-0.00195049
56.375	-0.00194948
56.417	-0.00194870
56.459	-0.00194783
56.500	-0.00194662
56.542	-0.00194579
56.584	-0.00194531
56.626	-0.00194479
56.667	-0.00194411
56.709	-0.00194301
56.750	-0.00194146
56.792	-0.00194117
56.834	-0.00193994
56.875	-0.00193926
56.917	-0.00193921
56.959	-0.00193817
57.000	-0.00193759
57.042	-0.00193705
57.084	-0.00193617
57.125	-0.00193534
57.167	-0.00193445
57.209	-0.00193363
57.250	-0.00193248
57.292	-0.00193155
57.334	-0.00193056
57.375	-0.00192961
57.417	-0.00192855
57.459	-0.00192752
57.500	-0.00192666
57.542	-0.00192544
57.584	-0.00192442
57.625	-0.00192368
57.667	-0.00192313
57.709	-0.00192318
57.750	-0.00192215
57.792	-0.00192082
57.834	-0.00192034
57.875	-0.00191969
57.917	-0.00191821
57.959	-0.00191761
58.000	-0.00191692
58.042	-0.00191643
58.084	-0.00191548
58.125	-0.00191466
58.167	-0.00191396
58.209	-0.00191334
58.250	-0.00191246
58.292	-0.00191198
58.334	-0.00191091
58.375	-0.00190998
58.417	-0.00190988
58.459	-0.00190918
58.500	-0.00190801
58.542	-0.00190785
58.584	-0.00190668
58.625	-0.00190577
58.667	-0.00190475
58.709	-0.00190403
58.750	-0.00190313
58.792	-0.00190246
58.834	-0.00190167
58.875	-0.00190080
58.917	-0.00189995
58.959	-0.00189899
59.000	-0.00189800
59.042	-0.00189717
59.084	-0.00189635
59.125	-0.00189549
59.167	-0.00189455
59.209	-0.00189348
59.250	-0.00189265
59.292	-0.00189175
59.334	-0.00189069
59.375	-0.00189011
59.417	-0.00188944
59.459	-0.00188854
59.500	-0.00188741
59.542	-0.00188678
59.584	-0.00188573
59.625	-0.00188499
59.667	-0.00188423
59.709	-0.00188347
59.750	-0.00188275
59.792	-0.00188167
59.834	-0.00188062
59.875	-0.00187975
59.917	-0.00187891
59.959	-0.00187769
60.000	-0.00187667
60.042	-0.00187579
60.084	-0.00187498
60.125	-0.00187414
60.167	-0.00187311
60.209	-0.00187217
60.250	-0.00187091
60.292	-0.00186985
60.334	-0.00186855
60.375	-0.00186747
60.417	-0.00186659
60.459	-0.00186577
60.500	-0.00186492
60.542	-0.00186393
60.584	-0.00186292
60.625	-0.00186166
60.667	-0.00186015
60.709	-0.00185928
60.750	-0.00185857
60.792	-0.00185855
60.834	-0.00185771
60.875	-0.00185676
60.917	-0.00185580
60.959	-0.00185465
61.000	-0.00185372
61.042	-0.00185282
61.084	-0.00185168
61.125	-0.00185067
61.167	-0.00184979
61.209	-0.00184878
61.250	-0.00184768
61.292	-0.00184706
61.334	-0.00184629
61.375	-0.00184540
61.417	-0.00184486
61.459	-0.00184385
61.500	-0.00184243
61.542	-0.00184135
61.584	-0.00184056
61.625	-0.00183959
61.667	-0.00183889
61.709	-0.00183803
61.750	-0.00183732
61.792	-0.00183639
61.834	-0.00183541
61.875	-0.00183462
61.917	-0.00183338
61.959	-0.00183221
62.000	-0.00183113
62.042	-0.00182970
62.084	-0.00182875
62.125	-0.00182862
62.167	-0.00182776
62.209	-0.00182627
62.250	-0.00182515
62.292	-0.00182434
62.334	-0.00182323
62.375	-0.00182215
62.417	-0.00182106
62.459	-0.00181978
62.500	-0.00181864
62.542	-0.00181777
62.584	-0.00181684
62.625	-0.00181586
62.667	-0.00181472
62.709	-0.00181320
62.750	-0.00181259
62.792	-0.00181240
62.834	-0.00181162
62.875	-0.00181063
62.917	-0.00180877
62.959	-0.00180831
63.000	-0.00180662
63.042	-0.00180515
63.084	-0.00180450
63.125	-0.00180358
63.167	-0.00180274
63.209	-0.00180179
63.250	-0.00180104
63.292	-0.00180000
63.334	-0.00179899
63.375	-0.00179772
63.417	-0.00179662
63.459	-0.00179532
63.500	-0.00179434
63.542	-0.00179336
63.584	-0.00179242
63.625	-0.00179122
63.667	-0.00179005
63.709	-0.00178916
63.750	-0.00178780
63.792	-0.00178653
63.834	-0.00178546
63.875	-0.00178486
63.917	-0.00178419
63.959	-0.00178325
64.000	-0.00178224
64.042	-0.00178114
64.084	-0.00177989
64.125	-0.00177802
64.167	-0.00177657
64.209	-0.00177587
64.250	-0.00177575
64.292	-0.00177512
64.334	-0.00177440
64.375	-0.00177323
64.417	-0.00177184
64.459	-0.00177067
64.500	-0.00176944
64.542	-0.00176840
64.584	-0.00176735
64.625	-0.00176605
64.667	-0.00176511
64.709	-0.00176441
64.750	-0.00176309
64.792	-0.00176195
64.834	-0.00176044
64.875	-0.00175904
64.917	-0.00175838
64.959	-0.00175761
65.000	-0.00175558
65.042	-0.00175413
65.084	-0.00175408
65.125	-0.00175355
65.167	-0.00175279
65.209	-0.00175168
65.250	-0.00175062
65.292	-0.00174965
65.334	-0.00174858
65.375	-0.00174759
65.417	-0.00174669
65.459	-0.00174584
65.500	-0.00174489
65.542	-0.00174385
65.584	-0.00174270
65.625	-0.00174175
65.667	-0.00174072
65.709	-0.00173996
65.750	-0.00173895
65.792	-0.00173769
65.834	-0.00173640
65.875	-0.00173545
65.917	-0.00173422
65.959	-0.00173297
66.000	-0.00173215
66.042	-0.00173107
66.084	-0.00173014
66.125	-0.00172921
66.167	-0.00172836
66.209	-0.00172754
66.250	-0.00172664
66.292	-0.00172528
66.334	-0.00172485
66.375	-0.00172471
66.417	-0.00172320
66.459	-0.00172187
66.500	-0.00172136
66.542	-0.00172035
66.584	-0.00171959
66.625	-0.00171900
66.667	-0.00171830
66.709	-0.00171714
66.750	-0.00171593
66.792	-0.00171487
66.834	-0.00171398
66.875	-0.00171254
66.917	-0.00171148
66.959	-0.00171050
67.000	-0.00170972
67.042	-0.00170870
67.084	-0.00170811
67.125	-0.00170706
67.167	-0.00170585
67.209	-0.00170469
67.250	-0.00170369
67.292	-0.00170256
67.334	-0.00170139
67.375	-0.00170041
67.417	-0.00169957
67.459	-0.00169874
67.500	-0.00169799
67.542	-0.00169728
67.584	-0.00169625
67.625	-0.00169504
67.667	-0.00169408
67.709	-0.00169348
67.750	-0.00169259
67.792	-0.00169173
67.834	-0.00169085
67.875	-0.00168999
67.917	-0.00168884
67.959	-0.00168777
68.000	-0.00168667
68.042	-0.00168584
68.084	-0.00168490
68.125	-0.00168368
68.167	-0.00168260
68.209	-0.00168172
68.250	-0.00168092
68.292	-0.00167986
68.334	-0.00167922
68.375	-0.00167847
68.417	-0.00167758
68.459	-0.00167713
68.501	-0.00167669
68.542	-0.00167584
68.584	-0.00167419
68.625	-0.00167345
68.667	-0.00167288
68.709	-0.00167228
68.750	-0.00167152
68.792	-0.00167089
68.834	-0.00167015
68.875	-0.00166923
68.917	-0.00166845
68.959	-0.00166755
69.000	-0.00166678
69.042	-0.00166609
69.084	-0.00166521
69.125	-0.00166453
69.167	-0.00166324
69.209	-0.00166228
69.250	-0.00166130
69.292	-0.00166074
69.334	-0.00165990
69.375	-0.00165902
69.417	-0.00165830
69.459	-0.00165742
69.500	-0.00165655
69.542	-0.00165576
69.584	-0.00165521
69.625	-0.00165445
69.667	-0.00165369
69.709	-0.00165168
69.750	-0.00165049
69.792	-0.00165010
69.834	-0.00164898
69.875	-0.00164795
69.917	-0.00164698
69.959	-0.00164638
70.000	-0.00164545
70.042	-0.00164452
70.084	-0.00164364
70.125	-0.00164243
70.167	-0.00164147
70.209	-0.00164063
70.250	-0.00163959
70.292	-0.00163868
70.334	-0.00163810
70.375	-0.00163734
70.417	-0.00163631
70.459	-0.00163594
70.500	-0.00163421
70.542	-0.00163348
70.584	-0.00163251
70.625	-0.00163177
70.667	-0.00163069
70.709	-0.00163021
70.750	-0.00162996
70.792	-0.00162990
70.834	-0.00162910
70.875	-0.00162792
70.917	-0.00162683
70.959	-0.00162541
71.000	-0.00162432
71.042	-0.00162357
71.084	-0.00162267
71.125	-0.00162198
71.167	-0.00162161
71.209	-0.00162094
71.250	-0.00161976
71.292	-0.00161928
71.334	-0.00161833
71.375	-0.00161737
71.417	-0.00161634
71.459	-0.00161533
71.500	-0.00161455
71.542	-0.00161387
71.584	-0.00161314
71.625	-0.00161295
71.667	-0.00161237
71.709	-0.00161184
71.750	-0.00161082
71.792	-0.00161010
71.834	-0.00160933
71.875	-0.00160871
71.917	-0.00160756
71.959	-0.00160659
72.000	-0.00160589
72.042	-0.00160503
72.084	-0.00160425
72.125	-0.00160363
72.167	-0.00160323
72.209	-0.00160237
72.250	-0.00160155
72.292	-0.00160090
72.334	-0.00160069
72.376	-0.00160060
72.417	-0.00159993
72.459	-0.00159915
72.500	-0.00159836
72.542	-0.00159749
72.584	-0.00159705
72.626	-0.00159638
72.667	-0.00159588
72.709	-0.00159500
72.751	-0.00159427
72.792	-0.00159369
72.834	-0.00159311
72.876	-0.00159242
72.917	-0.00159174
72.959	-0.00159132
73.001	-0.00159124
73.042	-0.00159070
73.084	-0.00158942
73.126	-0.00158878
73.167	-0.00158796
73.209	-0.00158752
73.250	-0.00158694
73.292	-0.00158629
73.334	-0.00158506
73.375	-0.00158408
73.417	-0.00158379
73.459	-0.00158325
73.500	-0.00158261
73.542	-0.00158184
73.584	-0.00158092
73.625	-0.00158009
73.667	-0.00157937
73.709	-0.00157878
73.751	-0.00157815
73.792	-0.00157756
73.834	-0.00157681
73.876	-0.00157681
73.917	-0.00157659
73.959	-0.00157562
74.002	-0.00157480
74.051	-0.00157428
74.092	-0.00157368
74.134	-0.00157325
74.176	-0.00157243
74.217	-0.00157180
74.259	-0.00157130
74.300	-0.00157091
74.342	-0.00157000
74.384	-0.00156959
74.425	-0.00156910
74.467	-0.00156859
74.509	-0.00156791
74.552	-0.00156710
74.600	-0.00156590
74.644	-0.00156524
74.686	-0.00156466
74.727	-0.00156404
74.775	-0.00156327
74.817	-0.00156257
74.859	-0.00156204
74.901	-0.00156142
74.942	-0.00156126
74.984	-0.00156059
75.026	-0.00155988
75.067	-0.00155928
75.111	-0.00155891
75.152	-0.00155848
75.194	-0.00155767
75.236	-0.00155696
75.277	-0.00155639
75.319	-0.00155592
75.361	-0.00155546
75.402	-0.00155535
75.444	-0.00155510
75.486	-0.00155502
75.527	-0.00155447
75.569	-0.00155384
75.611	-0.00155350
75.652	-0.00155362
75.694	-0.00155361
75.736	-0.00155316
75.777	-0.00155224
75.819	-0.00155153
75.861	-0.00155105
75.902	-0.00155067
75.944	-0.00155032
75.986	-0.00155001
76.027	-0.00154946
76.069	-0.00154891
76.111	-0.00154848
76.152	-0.00154800
76.194	-0.00154737
76.236	-0.00154696
76.277	-0.00154694
76.319	-0.00154677
76.361	-0.00154660
76.402	-0.00154602
76.444	-0.00154568
76.486	-0.00154525
76.527	-0.00154494
76.569	-0.00154472
76.611	-0.00154420
76.652	-0.00154421
76.694	-0.00154409
76.736	-0.00154375
76.777	-0.00154341
76.819	-0.00154325
76.861	-0.00154293
76.902	-0.00154214
76.944	-0.00154147
76.986	-0.00154104
77.027	-0.00154044
77.069	-0.00154015
77.111	-0.00153970
77.152	-0.00153912
77.194	-0.00153870
77.236	-0.00153818
77.277	-0.00153787
77.319	-0.00153759
77.361	-0.00153737
77.402	-0.00153702
77.444	-0.00153659
77.486	-0.00153609
77.527	-0.00153569
77.569	-0.00153522
77.611	-0.00153530
77.652	-0.00153523
77.694	-0.00153479
77.736	-0.00153474
77.777	-0.00153486
77.819	-0.00153497
77.861	-0.00153487
77.902	-0.00153459
77.944	-0.00153439
77.986	-0.00153393
78.027	-0.00153365
78.069	-0.00153345
78.111	-0.00153336
78.152	-0.00153314
78.194	-0.00153264
78.236	-0.00153236
78.277	-0.00153215
78.319	-0.00153193
78.361	-0.00153148
78.402	-0.00153135
78.444	-0.00153120
78.486	-0.00153120
78.527	-0.00153125
78.569	-0.00153135
78.611	-0.00153141
78.652	-0.00153120
78.694	-0.00153101
78.736	-0.00153088
78.777	-0.00153080
78.819	-0.00153088
78.861	-0.00153091
78.902	-0.00153068
78.944	-0.00153046
78.986	-0.00153050
79.027	-0.00153083
79.069	-0.00153089
79.111	-0.00153059
79.152	-0.00153061
79.194	-0.00153070
79.236	-0.00153063
79.277	-0.00153013
79.319	-0.00152981
79.361	-0.00152955
79.402	-0.00152910
79.444	-0.00152892
79.486	-0.00152909
79.527	-0.00152915
79.569	-0.00152931
79.611	-0.00152930
79.652	-0.00152919
79.694	-0.00152935
79.736	-0.00152933
79.777	-0.00152933
79.819	-0.00152956
79.861	-0.00152943
79.902	-0.00152977
79.944	-0.00152987
79.986	-0.00152957
80.027	-0.00152931
80.069	-0.00152919
80.111	-0.00152913
80.152	-0.00152924
80.194	-0.00152919
80.236	-0.00152917
80.277	-0.00152883
80.319	-0.00152854
80.361	-0.00152849
80.402	-0.00152829
80.444	-0.00152827
80.486	-0.00152829
80.527	-0.00152832
80.569	-0.00152823
80.611	-0.00152829
80.652	-0.00152819
80.694	-0.00152804
80.736	-0.00152823
80.777	-0.00152831
80.819	-0.00152845
80.861	-0.00152869
80.902	-0.00152875
80.944	-0.00152871
80.986	-0.00152901
81.027	-0.00152914
81.069	-0.00152910
81.111	-0.00152932
81.152	-0.00152969
81.194	-0.00152984
81.236	-0.00153013
81.277	-0.00153041
81.319	-0.00153049
81.361	-0.00153074
81.402	-0.00153095
81.444	-0.00153120
81.486	-0.00153140
81.527	-0.00153149
81.569	-0.00153168
81.611	-0.00153202
81.652	-0.00153211
81.694	-0.00153206
81.736	-0.00153222
81.777	-0.00153286
81.819	-0.00153322
81.861	-0.00153341
81.902	-0.00153317
81.944	-0.00153308
81.986	-0.00153306
82.027	-0.00153312
82.069	-0.00153332
82.111	-0.00153357
82.152	-0.00153374
82.194	-0.00153394
82.236	-0.00153428
82.277	-0.00153458
82.319	-0.00153479
82.361	-0.00153493
82.402	-0.00153490
82.444	-0.00153511
82.486	-0.00153537
82.527	-0.00153582
82.569	-0.00153623
82.611	-0.00153650
82.652	-0.00153660
82.694	-0.00153652
82.736	-0.00153656
82.777	-0.00153688
82.819	-0.00153689
82.861	-0.00153716
82.902	-0.00153701
82.944	-0.00153765
82.986	-0.00153812
83.027	-0.00153813
83.069	-0.00153886
83.111	-0.00153933
83.152	-0.00153981
83.194	-0.00154029
83.236	-0.00154097
83.277	-0.00154126
83.319	-0.00154148
83.361	-0.00154171
83.402	-0.00154216
83.444	-0.00154262
83.486	-0.00154291
83.527	-0.00154317
83.569	-0.00154325
83.611	-0.00154353
83.652	-0.00154347
83.694	-0.00154353
83.736	-0.00154352
83.777	-0.00154394
83.819	-0.00154406
83.861	-0.00154414
83.902	-0.00154450
83.944	-0.00154505
83.986	-0.00154540
84.027	-0.00154556
84.069	-0.00154580
84.111	-0.00154608
84.152	-0.00154656
84.194	-0.00154697
84.236	-0.00154738
84.277	-0.00154788
84.319	-0.00154832
84.361	-0.00154863
84.402	-0.00154915
84.444	-0.00154970
84.486	-0.00155022
84.527	-0.00155064
84.569	-0.00155084
84.611	-0.00155089
84.652	-0.00155083
84.694	-0.00155085
84.736	-0.00155104
84.777	-0.00155161
84.819	-0.00155227
84.861	-0.00155304
84.902	-0.00155368
84.944	-0.00155415
84.986	-0.00155464
85.027	-0.00155520
85.069	-0.00155562
85.111	-0.00155595
85.152	-0.00155639
85.194	-0.00155691
85.236	-0.00155747
85.277	-0.00155806
85.319	-0.00155860
85.361	-0.00155885
85.402	-0.00155931
85.444	-0.00155971
85.486	-0.00156038
85.527	-0.00156089
85.569	-0.00156140
85.611	-0.00156177
85.652	-0.00156237
85.694	-0.00156292
85.736	-0.00156309
85.777	-0.00156324
85.819	-0.00156361
85.861	-0.00156388
85.902	-0.00156421
85.944	-0.00156475
85.986	-0.00156535
86.027	-0.00156598
86.069	-0.00156634
86.111	-0.00156637
86.152	-0.00156654
86.194	-0.00156703
86.236	-0.00156742
86.277	-0.00156791
86.319	-0.00156804
86.361	-0.00156815
86.402	-0.00156852
86.444	-0.00156901
86.486	-0.00156958
86.527	-0.00157030
86.569	-0.00157105
86.611	-0.00157164
86.652	-0.00157210
86.694	-0.00157262
86.736	-0.00157321
86.777	-0.00157368
86.819	-0.00157416
86.861	-0.00157462
86.902	-0.00157516
86.944	-0.00157569
86.986	-0.00157642
87.027	-0.00157698
87.069	-0.00157716
87.111	-0.00157717
87.152	-0.00157737
87.194	-0.00157779
87.236	-0.00157852
87.277	-0.00157910
87.319	-0.00157981
87.361	-0.00158040
87.402	-0.00158091
87.444	-0.00158177
87.486	-0.00158199
87.527	-0.00158196
87.569	-0.00158265
87.611	-0.00158322
87.652	-0.00158396
87.694	-0.00158446
87.736	-0.00158517
87.777	-0.00158573
87.819	-0.00158630
87.861	-0.00158694
87.902	-0.00158788
87.944	-0.00158879
87.986	-0.00158928
88.027	-0.00158961
88.069	-0.00159004
88.111	-0.00159041
88.152	-0.00159085
88.194	-0.00159115
88.236	-0.00159165
88.277	-0.00159195
88.319	-0.00159239
88.361	-0.00159277
88.402	-0.00159314
88.444	-0.00159347
88.486	-0.00159386
88.527	-0.00159440
88.569	-0.00159494
88.611	-0.00159546
88.652	-0.00159585
88.694	-0.00159627
88.736	-0.00159677
88.777	-0.00159732
88.819	-0.00159774
88.861	-0.00159793
88.902	-0.00159824
88.944	-0.00159867
88.986	-0.00159911
89.027	-0.00159970
89.069	-0.00160028
89.111	-0.00160078
89.152	-0.00160111
89.194	-0.00160158
89.236	-0.00160188
89.277	-0.00160233
89.319	-0.00160288
89.361	-0.00160362
89.402	-0.00160403
89.444	-0.00160432
89.486	-0.00160452
89.527	-0.00160505
89.569	-0.00160575
89.611	-0.00160655
89.652	-0.00160709
89.694	-0.00160732
89.736	-0.00160773
89.777	-0.00160813
89.819	-0.00160838
89.861	-0.00160867
89.902	-0.00160887
89.944	-0.00160929
89.986	-0.00160989
90.027	-0.00161038
90.069	-0.00161086
90.111	-0.00161140
90.152	-0.00161212
90.194	-0.00161279
90.236	-0.00161318
90.277	-0.00161350
90.319	-0.00161356
90.361	-0.00161417
90.403	-0.00161491
90.444	-0.00161524
90.486	-0.00161540
90.527	-0.00161563
90.569	-0.00161625
90.611	-0.00161720
90.652	-0.00161804
90.694	-0.00161861
90.736	-0.00161885
90.777	-0.00161920
90.819	-0.00161950
90.861	-0.00162053
90.903	-0.00162180
90.944	-0.00162202
90.986	-0.00162213
91.027	-0.00162251
91.069	-0.00162304
91.111	-0.00162379
91.152	-0.00162438
91.194	-0.00162501
91.236	-0.00162556
91.277	-0.00162611
91.319	-0.00162656
91.361	-0.00162697
91.402	-0.00162750
91.444	-0.00162800
91.486	-0.00162830
91.527	-0.00162856
91.569	-0.00162863
91.611	-0.00162857
91.652	-0.00162872
91.694	-0.00162885
91.736	-0.00162918
91.777	-0.00162978
91.819	-0.00163010
91.861	-0.00163059
91.902	-0.00163093
91.944	-0.00163140
91.986	-0.00163205
92.027	-0.00163267
92.069	-0.00163304
92.111	-0.00163337
92.152	-0.00163365
92.194	-0.00163471
92.236	-0.00163508
92.278	-0.00163564
92.319	-0.00163578
92.361	-0.00163600
92.402	-0.00163683
92.444	-0.00163779
92.486	-0.00163868
92.527	-0.00163948
92.569	-0.00163994
92.611	-0.00164036
92.652	-0.00164083
92.694	-0.00164129
92.736	-0.00164179
92.778	-0.00164226
92.819	-0.00164276
92.861	-0.00164309
92.903	-0.00164340
92.944	-0.00164387
92.986	-0.00164419
93.027	-0.00164459
93.069	-0.00164495
93.111	-0.00164532
93.153	-0.00164621
93.194	-0.00164709
93.236	-0.00164749
93.278	-0.00164852
93.319	-0.00164905
93.361	-0.00164883
93.403	-0.00164928
93.444	-0.00164984
93.486	-0.00165039
93.527	-0.00165120
93.569	-0.00165193
93.611	-0.00165256
93.652	-0.00165325
93.694	-0.00165400
93.736	-0.00165466
93.777	-0.00165518
93.819	-0.00165604
93.861	-0.00165662
93.902	-0.00165707
93.944	-0.00165753
93.986	-0.00165801
94.028	-0.00165836
94.069	-0.00165870
94.111	-0.00165899
94.153	-0.00165935
94.194	-0.00165983
94.236	-0.00166036
94.278	-0.00166071
94.319	-0.00166133
94.361	-0.00166187
94.403	-0.00166224
94.444	-0.00166262
94.486	-0.00166285
94.528	-0.00166305
94.569	-0.00166333
94.611	-0.00166365
94.653	-0.00166414
94.694	-0.00166452
94.736	-0.00166463
94.778	-0.00166477
94.819	-0.00166514
94.861	-0.00166564
94.903	-0.00166613
94.944	-0.00166630
94.986	-0.00166653
95.028	-0.00166708
95.069	-0.00166767
95.111	-0.00166826
95.153	-0.00166849
95.194	-0.00166903
95.236	-0.00166928
95.278	-0.00166981
95.319	-0.00167051
95.361	-0.00167105
95.403	-0.00167170
95.444	-0.00167217
95.486	-0.00167298
95.528	-0.00167344
95.569	-0.00167400
95.611	-0.00167436
95.653	-0.00167478
95.694	-0.00167522
95.736	-0.00167548
95.778	-0.00167567
95.819	-0.00167605
95.861	-0.00167649
95.903	-0.00167702
95.944	-0.00167758
95.986	-0.00167808
96.028	-0.00167861
96.069	-0.00167907
96.111	-0.00167962
96.153	-0.00168004
96.194	-0.00168068
96.236	-0.00168124
96.278	-0.00168183
96.319	-0.00168202
96.361	-0.00168224
96.403	-0.00168272
96.444	-0.00168326
96.486	-0.00168381
96.528	-0.00168417
96.569	-0.00168465
96.611	-0.00168492
96.653	-0.00168534
96.694	-0.00168565
96.736	-0.00168594
96.778	-0.00168607
96.819	-0.00168601
96.861	-0.00168595
96.903	-0.00168592
96.944	-0.00168627
96.986	-0.00168639
97.028	-0.00168650
97.069	-0.00168669
97.111	-0.00168675
97.153	-0.00168689
97.194	-0.00168734
97.236	-0.00168784
97.278	-0.00168805
97.319	-0.00168835
97.361	-0.00168888
97.403	-0.00168938
97.444	-0.00168992
97.486	-0.00169033
97.528	-0.00169079
97.569	-0.00169112
97.611	-0.00169148
97.653	-0.00169176
97.694	-0.00169243
97.736	-0.00169302
97.778	-0.00169349
97.819	-0.00169400
97.861	-0.00169489
97.903	-0.00169558
97.944	-0.00169606
97.986	-0.00169666
98.028	-0.00169734
98.069	-0.00169774
98.111	-0.00169823
98.153	-0.00169884
98.194	-0.00169944
98.236	-0.00169989
98.278	-0.00169998
98.319	-0.00170052
98.361	-0.00170097
98.403	-0.00170106
98.444	-0.00170139
98.486	-0.00170178
98.528	-0.00170184
98.569	-0.00170167
98.611	-0.00170177
98.653	-0.00170173
98.694	-0.00170175
98.736	-0.00170206
98.778	-0.00170210
98.819	-0.00170239
98.861	-0.00170265
98.903	-0.00170286
98.944	-0.00170318
98.986	-0.00170308
99.028	-0.00170322
99.069	-0.00170343
99.111	-0.00170346
99.153	-0.00170363
99.194	-0.00170395
99.236	-0.00170410
99.278	-0.00170417
99.319	-0.00170418
99.361	-0.00170440
99.403	-0.00170468
99.444	-0.00170511
99.486	-0.00170554
99.528	-0.00170609
99.569	-0.00170645
99.611	-0.00170751
99.653	-0.00170842
99.694	-0.00170854
99.736	-0.00170963
99.778	-0.00171135
99.819	-0.00171321
99.861	-0.00171524
99.903	-0.00171692
99.944	-0.00171869
