# /home/hatatani/bin/sub_ww_DSC -R 0.5 -w ../../rawdata/water/average_heat05_2018_0925 DHPC20mM_heat05_01_2 DHPC20mM_heat05_03_2 DHPC20mM_heat05_05_2 DHPC20mM_heat05_09_2
# DHPC20mM_heat05_05_2 is subtracted by w/w = ../../rawdata/water/average_heat05_2018_0925
# DHPC20mM_heat05_05_2 is scaled using 0.5 K/min 
0.000	-0.00001531
0.031	-0.00001847
0.069	-0.00002177
0.109	-0.00001713
0.150	-0.00005464
0.191	-0.00011776
0.234	-0.00019852
0.285	-0.00029443
0.327	-0.00035856
0.370	-0.00041950
0.413	-0.00048293
0.456	-0.00052941
0.499	-0.00056084
0.542	-0.00064653
0.585	-0.00077008
0.627	-0.00089306
0.670	-0.00099017
0.712	-0.00107648
0.755	-0.00114229
0.797	-0.00120265
0.840	-0.00124618
0.882	-0.00128510
0.924	-0.00131635
0.967	-0.00133671
1.009	-0.00135447
1.051	-0.00136375
1.093	-0.00137203
1.135	-0.00137497
1.177	-0.00137643
1.219	-0.00137332
1.261	-0.00137060
1.303	-0.00136686
1.345	-0.00136365
1.387	-0.00136034
1.429	-0.00135765
1.471	-0.00135588
1.513	-0.00135493
1.555	-0.00135366
1.597	-0.00134932
1.639	-0.00133921
1.680	-0.00132475
1.731	-0.00130438
1.772	-0.00128776
1.814	-0.00127173
1.856	-0.00125813
1.898	-0.00124590
1.940	-0.00123555
1.981	-0.00122754
2.023	-0.00121984
2.065	-0.00121476
2.107	-0.00120820
2.149	-0.00120234
2.190	-0.00119520
2.232	-0.00118812
2.274	-0.00118115
2.316	-0.00117499
2.357	-0.00116809
2.399	-0.00116193
2.441	-0.00115627
2.482	-0.00115112
2.524	-0.00114544
2.566	-0.00113923
2.608	-0.00113448
2.649	-0.00112917
2.691	-0.00112334
2.733	-0.00111800
2.774	-0.00111218
2.816	-0.00110578
2.858	-0.00109954
2.900	-0.00109387
2.941	-0.00108852
2.983	-0.00108367
3.025	-0.00107936
3.066	-0.00107592
3.108	-0.00107302
3.150	-0.00106925
3.192	-0.00106673
3.233	-0.00106457
3.275	-0.00106129
3.317	-0.00105850
3.358	-0.00105559
3.400	-0.00105285
3.442	-0.00105088
3.483	-0.00104863
3.525	-0.00104568
3.567	-0.00104271
3.608	-0.00104008
3.650	-0.00103745
3.692	-0.00103476
3.733	-0.00103303
3.775	-0.00103018
3.817	-0.00102849
3.859	-0.00102640
3.900	-0.00102472
3.942	-0.00102283
3.984	-0.00102073
4.025	-0.00101889
4.067	-0.00101754
4.109	-0.00101610
4.150	-0.00101456
4.192	-0.00101293
4.234	-0.00101149
4.275	-0.00101023
4.317	-0.00100900
4.359	-0.00100793
4.400	-0.00100692
4.442	-0.00100591
4.484	-0.00100448
4.525	-0.00100350
4.567	-0.00100271
4.609	-0.00100187
4.650	-0.00100115
4.692	-0.00100059
4.734	-0.00099990
4.775	-0.00099971
4.817	-0.00099960
4.859	-0.00099928
4.900	-0.00099906
4.942	-0.00099880
4.984	-0.00099859
5.026	-0.00099850
5.067	-0.00099828
5.109	-0.00099807
5.151	-0.00099818
5.192	-0.00099855
5.234	-0.00099873
5.276	-0.00099900
5.317	-0.00099961
5.359	-0.00100001
5.401	-0.00100023
5.442	-0.00100043
5.484	-0.00100088
5.526	-0.00100178
5.567	-0.00100282
5.609	-0.00100378
5.651	-0.00100480
5.692	-0.00100583
5.734	-0.00100670
5.776	-0.00100764
5.817	-0.00100886
5.859	-0.00101031
5.901	-0.00101144
5.942	-0.00101272
5.984	-0.00101397
6.026	-0.00101502
6.067	-0.00101621
6.109	-0.00101735
6.151	-0.00101852
6.192	-0.00101981
6.234	-0.00102132
6.276	-0.00102269
6.317	-0.00102420
6.359	-0.00102557
6.401	-0.00102702
6.442	-0.00102847
6.484	-0.00102978
6.526	-0.00103099
6.567	-0.00103219
6.609	-0.00103325
6.651	-0.00103419
6.692	-0.00103520
6.734	-0.00103616
6.776	-0.00103690
6.817	-0.00103777
6.859	-0.00103860
6.901	-0.00103924
6.942	-0.00103989
6.984	-0.00104046
7.026	-0.00104069
7.067	-0.00104102
7.109	-0.00104167
7.151	-0.00104243
7.192	-0.00104316
7.234	-0.00104392
7.276	-0.00104473
7.317	-0.00104565
7.359	-0.00104646
7.401	-0.00104732
7.442	-0.00104826
7.484	-0.00104929
7.526	-0.00105030
7.567	-0.00105128
7.609	-0.00105229
7.651	-0.00105335
7.692	-0.00105449
7.734	-0.00105570
7.776	-0.00105697
7.817	-0.00105823
7.859	-0.00105958
7.901	-0.00106095
7.942	-0.00106234
7.984	-0.00106367
8.026	-0.00106499
8.067	-0.00106632
8.109	-0.00106764
8.151	-0.00106894
8.192	-0.00107025
8.234	-0.00107152
8.276	-0.00107278
8.317	-0.00107412
8.359	-0.00107548
8.401	-0.00107677
8.442	-0.00107814
8.484	-0.00107947
8.526	-0.00108078
8.567	-0.00108211
8.609	-0.00108352
8.651	-0.00108506
8.692	-0.00108676
8.734	-0.00108861
8.776	-0.00109051
8.817	-0.00109257
8.859	-0.00109482
8.901	-0.00109712
8.942	-0.00109964
8.984	-0.00110224
9.026	-0.00110512
9.067	-0.00110783
9.109	-0.00111073
9.151	-0.00111378
9.192	-0.00111696
9.234	-0.00112008
9.276	-0.00112301
9.317	-0.00112615
9.359	-0.00112943
9.401	-0.00113288
9.442	-0.00113621
9.484	-0.00113946
9.526	-0.00114258
9.567	-0.00114580
9.609	-0.00114916
9.651	-0.00115242
9.692	-0.00115584
9.734	-0.00115933
9.776	-0.00116270
9.817	-0.00116606
9.859	-0.00116944
9.901	-0.00117270
9.942	-0.00117569
9.984	-0.00117865
10.026	-0.00118196
10.067	-0.00118530
10.109	-0.00118858
10.151	-0.00119182
10.192	-0.00119517
10.234	-0.00119842
10.276	-0.00120173
10.317	-0.00120491
10.359	-0.00120815
10.401	-0.00121136
10.442	-0.00121443
10.484	-0.00121755
10.526	-0.00122067
10.567	-0.00122388
10.609	-0.00122719
10.651	-0.00123044
10.692	-0.00123373
10.734	-0.00123674
10.776	-0.00123979
10.817	-0.00124290
10.859	-0.00124610
10.901	-0.00124933
10.942	-0.00125253
10.984	-0.00125572
11.026	-0.00125876
11.067	-0.00126191
11.109	-0.00126519
11.151	-0.00126826
11.192	-0.00127156
11.234	-0.00127491
11.276	-0.00127816
11.317	-0.00128136
11.359	-0.00128434
11.401	-0.00128719
11.442	-0.00129089
11.484	-0.00129439
11.526	-0.00129773
11.567	-0.00130080
11.609	-0.00130371
11.651	-0.00130701
11.692	-0.00131056
11.734	-0.00131407
11.776	-0.00131766
11.817	-0.00132124
11.859	-0.00132438
11.901	-0.00132808
11.942	-0.00133164
11.984	-0.00133502
12.026	-0.00133853
12.067	-0.00134194
12.109	-0.00134521
12.151	-0.00134847
12.192	-0.00135173
12.234	-0.00135500
12.276	-0.00135819
12.317	-0.00136147
12.359	-0.00136464
12.401	-0.00136788
12.442	-0.00137102
12.484	-0.00137411
12.526	-0.00137742
12.567	-0.00138066
12.609	-0.00138392
12.651	-0.00138724
12.692	-0.00139058
12.734	-0.00139369
12.776	-0.00139695
12.817	-0.00140032
12.859	-0.00140356
12.901	-0.00140689
12.942	-0.00141031
12.984	-0.00141318
13.026	-0.00141642
13.067	-0.00141984
13.109	-0.00142339
13.151	-0.00142694
13.192	-0.00143059
13.234	-0.00143433
13.276	-0.00143783
13.317	-0.00144140
13.359	-0.00144493
13.401	-0.00144832
13.442	-0.00145187
13.484	-0.00145525
13.526	-0.00145834
13.567	-0.00146153
13.609	-0.00146472
13.651	-0.00146774
13.701	-0.00147145
13.742	-0.00147476
13.784	-0.00147809
13.826	-0.00148133
13.867	-0.00148440
13.909	-0.00148760
13.951	-0.00149065
13.992	-0.00149368
14.034	-0.00149675
14.076	-0.00149975
14.117	-0.00150288
14.159	-0.00150597
14.201	-0.00150910
14.242	-0.00151214
14.284	-0.00151517
14.326	-0.00151823
14.367	-0.00152116
14.409	-0.00152412
14.451	-0.00152719
14.492	-0.00152990
14.534	-0.00153278
14.576	-0.00153602
14.617	-0.00153934
14.659	-0.00154269
14.701	-0.00154607
14.742	-0.00154916
14.784	-0.00155233
14.826	-0.00155553
14.867	-0.00155865
14.909	-0.00156178
14.951	-0.00156467
14.992	-0.00156774
15.034	-0.00157084
15.076	-0.00157385
15.117	-0.00157677
15.159	-0.00157967
15.201	-0.00158262
15.242	-0.00158566
15.284	-0.00158879
15.326	-0.00159190
15.367	-0.00159514
15.409	-0.00159812
15.451	-0.00160105
15.492	-0.00160407
15.534	-0.00160722
15.576	-0.00161028
15.617	-0.00161327
15.659	-0.00161631
15.701	-0.00161921
15.742	-0.00162216
15.784	-0.00162510
15.826	-0.00162803
15.867	-0.00163080
15.909	-0.00163348
15.951	-0.00163628
15.992	-0.00163929
16.034	-0.00164228
16.076	-0.00164527
16.117	-0.00164837
16.159	-0.00165138
16.201	-0.00165443
16.242	-0.00165734
16.284	-0.00166040
16.326	-0.00166324
16.367	-0.00166603
16.409	-0.00166891
16.451	-0.00167174
16.492	-0.00167461
16.534	-0.00167743
16.576	-0.00168019
16.617	-0.00168294
16.659	-0.00168593
16.701	-0.00168891
16.742	-0.00169184
16.784	-0.00169465
16.826	-0.00169744
16.867	-0.00170023
16.909	-0.00170315
16.951	-0.00170593
16.992	-0.00170866
17.034	-0.00171145
17.076	-0.00171431
17.117	-0.00171734
17.159	-0.00172002
17.201	-0.00172290
17.242	-0.00172559
17.284	-0.00172828
17.326	-0.00173104
17.367	-0.00173389
17.409	-0.00173668
17.451	-0.00173950
17.492	-0.00174235
17.534	-0.00174520
17.576	-0.00174818
17.617	-0.00175071
17.659	-0.00175358
17.701	-0.00175624
17.742	-0.00175900
17.784	-0.00176171
17.826	-0.00176456
17.867	-0.00176734
17.909	-0.00177008
17.951	-0.00177331
17.992	-0.00177580
18.034	-0.00177813
18.076	-0.00178112
18.117	-0.00178373
18.159	-0.00178638
18.201	-0.00178918
18.242	-0.00179184
18.284	-0.00179449
18.326	-0.00179710
18.367	-0.00179975
18.409	-0.00180243
18.451	-0.00180502
18.492	-0.00180750
18.534	-0.00181012
18.576	-0.00181263
18.617	-0.00181524
18.659	-0.00181835
18.701	-0.00182106
18.742	-0.00182371
18.784	-0.00182627
18.826	-0.00182898
18.867	-0.00183156
18.909	-0.00183406
18.951	-0.00183659
18.992	-0.00183925
19.034	-0.00184175
19.076	-0.00184437
19.117	-0.00184674
19.159	-0.00184920
19.201	-0.00185187
19.242	-0.00185444
19.284	-0.00185709
19.326	-0.00185975
19.367	-0.00186236
19.409	-0.00186488
19.451	-0.00186745
19.492	-0.00186992
19.534	-0.00187240
19.576	-0.00187471
19.617	-0.00187712
19.659	-0.00187943
19.701	-0.00188183
19.742	-0.00188420
19.784	-0.00188660
19.826	-0.00188891
19.867	-0.00189123
19.909	-0.00189349
19.951	-0.00189589
19.992	-0.00189818
20.034	-0.00190057
20.076	-0.00190287
20.117	-0.00190512
20.159	-0.00190728
20.201	-0.00190955
20.242	-0.00191181
20.284	-0.00191395
20.326	-0.00191620
20.367	-0.00191839
20.409	-0.00192054
20.451	-0.00192279
20.492	-0.00192502
20.534	-0.00192723
20.576	-0.00192936
20.617	-0.00193162
20.659	-0.00193398
20.701	-0.00193647
20.742	-0.00193847
20.784	-0.00194077
20.826	-0.00194285
20.867	-0.00194498
20.909	-0.00194724
20.951	-0.00194958
20.992	-0.00195198
21.034	-0.00195432
21.076	-0.00195659
21.117	-0.00195880
21.159	-0.00196117
21.201	-0.00196351
21.242	-0.00196581
21.284	-0.00196801
21.326	-0.00197025
21.367	-0.00197230
21.409	-0.00197457
21.451	-0.00197674
21.492	-0.00197893
21.534	-0.00198110
21.575	-0.00198315
21.617	-0.00198506
21.659	-0.00198715
21.701	-0.00198947
21.742	-0.00199168
21.784	-0.00199372
21.826	-0.00199562
21.867	-0.00199756
21.909	-0.00199966
21.951	-0.00200165
21.992	-0.00200368
22.034	-0.00200590
22.076	-0.00200798
22.117	-0.00201006
22.159	-0.00201210
22.200	-0.00201416
22.242	-0.00201620
22.284	-0.00201826
22.325	-0.00202037
22.367	-0.00202251
22.409	-0.00202452
22.450	-0.00202643
22.492	-0.00202841
22.534	-0.00203044
22.575	-0.00203258
22.617	-0.00203462
22.659	-0.00203683
22.700	-0.00203902
22.742	-0.00204107
22.784	-0.00204314
22.826	-0.00204536
22.867	-0.00204747
22.909	-0.00204947
22.950	-0.00205153
22.992	-0.00205363
23.034	-0.00205560
23.075	-0.00205752
23.117	-0.00205932
23.159	-0.00206113
23.200	-0.00206306
23.242	-0.00206494
23.284	-0.00206679
23.325	-0.00206864
23.367	-0.00207050
23.409	-0.00207240
23.450	-0.00207432
23.492	-0.00207617
23.534	-0.00207806
23.575	-0.00207999
23.617	-0.00208181
23.659	-0.00208357
23.700	-0.00208543
23.742	-0.00208733
23.784	-0.00208926
23.825	-0.00209122
23.867	-0.00209325
23.909	-0.00209524
23.950	-0.00209704
23.992	-0.00209891
24.034	-0.00210081
24.075	-0.00210265
24.117	-0.00210458
24.159	-0.00210642
24.200	-0.00210823
24.242	-0.00211004
24.284	-0.00211194
24.325	-0.00211367
24.367	-0.00211546
24.409	-0.00211721
24.450	-0.00211893
24.492	-0.00212059
24.534	-0.00212234
24.575	-0.00212413
24.617	-0.00212580
24.659	-0.00212759
24.700	-0.00212936
24.742	-0.00213104
24.784	-0.00213277
24.825	-0.00213450
24.867	-0.00213623
24.909	-0.00213798
24.950	-0.00213971
24.992	-0.00214131
25.034	-0.00214292
25.075	-0.00214460
25.117	-0.00214628
25.159	-0.00214792
25.200	-0.00214955
25.242	-0.00215102
25.284	-0.00215264
25.325	-0.00215436
25.367	-0.00215583
25.409	-0.00215735
25.450	-0.00215897
25.492	-0.00216055
25.534	-0.00216213
25.575	-0.00216371
25.617	-0.00216537
25.659	-0.00216707
25.700	-0.00216866
25.742	-0.00217024
25.784	-0.00217189
25.825	-0.00217348
25.867	-0.00217519
25.909	-0.00217684
25.950	-0.00217845
25.992	-0.00218016
26.034	-0.00218189
26.075	-0.00218354
26.117	-0.00218518
26.159	-0.00218676
26.200	-0.00218824
26.242	-0.00218977
26.284	-0.00219136
26.325	-0.00219301
26.367	-0.00219468
26.409	-0.00219613
26.450	-0.00219757
26.492	-0.00219908
26.534	-0.00220072
26.575	-0.00220224
26.617	-0.00220375
26.659	-0.00220541
26.700	-0.00220704
26.742	-0.00220854
26.784	-0.00221004
26.825	-0.00221149
26.867	-0.00221302
26.909	-0.00221452
26.950	-0.00221588
26.992	-0.00221733
27.034	-0.00221884
27.075	-0.00222038
27.117	-0.00222183
27.159	-0.00222342
27.200	-0.00222501
27.242	-0.00222641
27.284	-0.00222793
27.325	-0.00222946
27.367	-0.00223098
27.409	-0.00223251
27.450	-0.00223408
27.492	-0.00223555
27.534	-0.00223719
27.575	-0.00223857
27.617	-0.00223998
27.659	-0.00224149
27.700	-0.00224308
27.742	-0.00224467
27.784	-0.00224618
27.825	-0.00224765
27.867	-0.00224915
27.909	-0.00225066
27.950	-0.00225212
27.992	-0.00225354
28.034	-0.00225512
28.075	-0.00225642
28.117	-0.00225768
28.159	-0.00225917
28.200	-0.00226069
28.242	-0.00226215
28.284	-0.00226352
28.325	-0.00226511
28.367	-0.00226672
28.409	-0.00226832
28.450	-0.00226976
28.492	-0.00227122
28.534	-0.00227273
28.575	-0.00227416
28.617	-0.00227575
28.659	-0.00227731
28.700	-0.00227871
28.742	-0.00228012
28.784	-0.00228162
28.825	-0.00228312
28.867	-0.00228459
28.909	-0.00228614
28.950	-0.00228784
28.992	-0.00228943
29.034	-0.00229090
29.075	-0.00229228
29.117	-0.00229374
29.159	-0.00229528
29.200	-0.00229694
29.242	-0.00229855
29.284	-0.00229998
29.325	-0.00230136
29.367	-0.00230276
29.409	-0.00230422
29.450	-0.00230568
29.492	-0.00230732
29.534	-0.00230896
29.575	-0.00231039
29.617	-0.00231172
29.659	-0.00231308
29.700	-0.00231459
29.742	-0.00231625
29.784	-0.00231776
29.825	-0.00231925
29.867	-0.00232075
29.909	-0.00232224
29.950	-0.00232368
29.992	-0.00232512
30.034	-0.00232652
30.075	-0.00232795
30.117	-0.00232959
30.159	-0.00233109
30.200	-0.00233250
30.242	-0.00233390
30.284	-0.00233522
30.325	-0.00233664
30.367	-0.00233801
30.409	-0.00233927
30.450	-0.00234073
30.492	-0.00234193
30.534	-0.00234317
30.575	-0.00234429
30.617	-0.00234565
30.659	-0.00234679
30.700	-0.00234801
30.742	-0.00234930
30.784	-0.00235038
30.825	-0.00235152
30.867	-0.00235277
30.909	-0.00235414
30.950	-0.00235527
30.992	-0.00235623
31.034	-0.00235730
31.075	-0.00235834
31.117	-0.00235949
31.159	-0.00236052
31.200	-0.00236166
31.242	-0.00236277
31.284	-0.00236369
31.325	-0.00236452
31.367	-0.00236538
31.409	-0.00236630
31.450	-0.00236738
31.492	-0.00236837
31.534	-0.00236920
31.575	-0.00237010
31.617	-0.00237088
31.659	-0.00237186
31.700	-0.00237238
31.742	-0.00237345
31.784	-0.00237444
31.825	-0.00237518
31.867	-0.00237600
31.909	-0.00237681
31.950	-0.00237745
31.992	-0.00237825
32.034	-0.00237886
32.075	-0.00237941
32.117	-0.00238010
32.159	-0.00238105
32.200	-0.00238174
32.242	-0.00238306
32.284	-0.00238433
32.325	-0.00238513
32.367	-0.00238583
32.408	-0.00238652
32.450	-0.00238718
32.492	-0.00238807
32.533	-0.00238904
32.575	-0.00238981
32.617	-0.00239065
32.658	-0.00239120
32.700	-0.00239200
32.742	-0.00239273
32.783	-0.00239347
32.825	-0.00239440
32.867	-0.00239551
32.908	-0.00239621
32.950	-0.00239705
32.992	-0.00239803
33.034	-0.00239873
33.075	-0.00239889
33.117	-0.00239923
33.158	-0.00239978
33.200	-0.00240053
33.242	-0.00240144
33.283	-0.00240209
33.325	-0.00240250
33.367	-0.00240345
33.409	-0.00240431
33.450	-0.00240473
33.492	-0.00240536
33.533	-0.00240606
33.575	-0.00240682
33.617	-0.00240773
33.658	-0.00240876
33.700	-0.00240990
33.742	-0.00241062
33.784	-0.00241135
33.825	-0.00241223
33.867	-0.00241293
33.909	-0.00241358
33.950	-0.00241433
33.992	-0.00241503
34.034	-0.00241579
34.075	-0.00241616
34.117	-0.00241653
34.167	-0.00241752
34.208	-0.00241847
34.250	-0.00241934
34.292	-0.00242047
34.333	-0.00242158
34.375	-0.00242237
34.417	-0.00242305
34.458	-0.00242305
34.500	-0.00242336
34.542	-0.00242422
34.583	-0.00242503
34.625	-0.00242535
34.667	-0.00242580
34.708	-0.00242624
34.750	-0.00242670
34.792	-0.00242708
34.833	-0.00242765
34.875	-0.00242827
34.917	-0.00242868
34.958	-0.00242924
35.000	-0.00242956
35.042	-0.00242990
35.083	-0.00243007
35.125	-0.00243017
35.167	-0.00243048
35.208	-0.00243073
35.250	-0.00243133
35.292	-0.00243181
35.333	-0.00243240
35.375	-0.00243302
35.417	-0.00243372
35.458	-0.00243439
35.500	-0.00243507
35.542	-0.00243542
35.583	-0.00243586
35.625	-0.00243625
35.667	-0.00243663
35.708	-0.00243697
35.750	-0.00243773
35.792	-0.00243841
35.833	-0.00243902
35.875	-0.00243937
35.917	-0.00243980
35.958	-0.00243971
36.000	-0.00243989
36.042	-0.00244074
36.083	-0.00244123
36.125	-0.00244194
36.167	-0.00244241
36.208	-0.00244321
36.250	-0.00244418
36.292	-0.00244490
36.333	-0.00244556
36.375	-0.00244638
36.417	-0.00244699
36.458	-0.00244739
36.500	-0.00244801
36.542	-0.00244846
36.583	-0.00244906
36.625	-0.00244949
36.667	-0.00244992
36.708	-0.00245004
36.750	-0.00245066
36.792	-0.00245076
36.833	-0.00245107
36.875	-0.00245175
36.917	-0.00245199
36.958	-0.00245288
37.000	-0.00245353
37.042	-0.00245374
37.084	-0.00245380
37.125	-0.00245401
37.167	-0.00245376
37.208	-0.00245393
37.250	-0.00245436
37.292	-0.00245515
37.333	-0.00245556
37.375	-0.00245613
37.417	-0.00245636
37.458	-0.00245658
37.500	-0.00245691
37.542	-0.00245706
37.583	-0.00245689
37.625	-0.00245714
37.667	-0.00245710
37.708	-0.00245729
37.750	-0.00245769
37.792	-0.00245837
37.833	-0.00245862
37.875	-0.00245878
37.917	-0.00245892
37.958	-0.00245922
38.000	-0.00245976
38.042	-0.00245975
38.083	-0.00246006
38.125	-0.00245976
38.167	-0.00245988
38.208	-0.00245957
38.250	-0.00245937
38.292	-0.00245976
38.333	-0.00245954
38.375	-0.00245966
38.417	-0.00245982
38.458	-0.00246003
38.500	-0.00246027
38.542	-0.00246036
38.583	-0.00246089
38.625	-0.00246118
38.667	-0.00246105
38.708	-0.00246119
38.750	-0.00246160
38.792	-0.00246202
38.833	-0.00246291
38.875	-0.00246344
38.917	-0.00246385
38.958	-0.00246411
39.000	-0.00246387
39.042	-0.00246397
39.083	-0.00246414
39.125	-0.00246444
39.167	-0.00246478
39.208	-0.00246502
39.250	-0.00246530
39.292	-0.00246550
39.333	-0.00246568
39.375	-0.00246590
39.417	-0.00246629
39.458	-0.00246635
39.500	-0.00246646
39.542	-0.00246697
39.583	-0.00246688
39.625	-0.00246683
39.667	-0.00246720
39.708	-0.00246720
39.750	-0.00246736
39.792	-0.00246759
39.833	-0.00246802
39.875	-0.00246818
39.917	-0.00246825
39.958	-0.00246821
40.000	-0.00246823
40.042	-0.00246829
40.083	-0.00246854
40.125	-0.00246872
40.167	-0.00246876
40.208	-0.00246891
40.250	-0.00246897
40.292	-0.00246901
40.333	-0.00246920
40.375	-0.00246946
40.417	-0.00246954
40.458	-0.00246974
40.500	-0.00247003
40.542	-0.00247004
40.583	-0.00247004
40.625	-0.00247027
40.667	-0.00247077
40.709	-0.00247109
40.750	-0.00247121
40.792	-0.00247123
40.834	-0.00247087
40.875	-0.00247094
40.917	-0.00247095
40.958	-0.00247106
41.000	-0.00247136
41.042	-0.00247151
41.083	-0.00247181
41.125	-0.00247170
41.167	-0.00247178
41.208	-0.00247197
41.250	-0.00247186
41.292	-0.00247183
41.333	-0.00247180
41.375	-0.00247161
41.417	-0.00247167
41.458	-0.00247113
41.500	-0.00247157
41.542	-0.00247164
41.583	-0.00247111
41.625	-0.00247131
41.667	-0.00247147
41.708	-0.00247105
41.750	-0.00247123
41.792	-0.00247118
41.833	-0.00247114
41.875	-0.00247107
41.917	-0.00247089
41.958	-0.00247082
42.000	-0.00247068
42.042	-0.00247070
42.083	-0.00247079
42.125	-0.00247065
42.167	-0.00247035
42.208	-0.00247048
42.250	-0.00247047
42.292	-0.00247018
42.333	-0.00246995
42.375	-0.00246987
42.417	-0.00246985
42.458	-0.00247021
42.500	-0.00247015
42.542	-0.00247006
42.583	-0.00247007
42.625	-0.00246987
42.667	-0.00246965
42.708	-0.00246952
42.750	-0.00246914
42.792	-0.00246923
42.833	-0.00246880
42.875	-0.00246887
42.917	-0.00246876
42.958	-0.00246844
43.000	-0.00246858
43.042	-0.00246852
43.083	-0.00246835
43.125	-0.00246840
43.167	-0.00246829
43.208	-0.00246812
43.250	-0.00246796
43.292	-0.00246781
43.333	-0.00246750
43.375	-0.00246736
43.417	-0.00246680
43.458	-0.00246697
43.500	-0.00246699
43.542	-0.00246611
43.583	-0.00246599
43.625	-0.00246561
43.667	-0.00246521
43.708	-0.00246492
43.750	-0.00246489
43.792	-0.00246549
43.833	-0.00246529
43.875	-0.00246519
43.917	-0.00246494
43.958	-0.00246458
44.000	-0.00246435
44.042	-0.00246413
44.083	-0.00246392
44.125	-0.00246372
44.167	-0.00246336
44.208	-0.00246289
44.250	-0.00246242
44.292	-0.00246221
44.333	-0.00246196
44.375	-0.00246168
44.417	-0.00246142
44.458	-0.00246130
44.500	-0.00246117
44.542	-0.00246090
44.583	-0.00246056
44.625	-0.00246028
44.667	-0.00245999
44.708	-0.00245952
44.750	-0.00245934
44.792	-0.00245863
44.833	-0.00245810
44.875	-0.00245819
44.917	-0.00245858
44.958	-0.00245812
45.000	-0.00245781
45.042	-0.00245801
45.083	-0.00245743
45.125	-0.00245676
45.167	-0.00245687
45.208	-0.00245665
45.250	-0.00245626
45.292	-0.00245587
45.333	-0.00245566
45.375	-0.00245556
45.417	-0.00245534
45.458	-0.00245506
45.500	-0.00245470
45.542	-0.00245439
45.583	-0.00245435
45.625	-0.00245411
45.667	-0.00245376
45.708	-0.00245339
45.750	-0.00245262
45.792	-0.00245179
45.833	-0.00245170
45.875	-0.00245135
45.917	-0.00245105
45.958	-0.00245037
46.000	-0.00245007
46.042	-0.00245037
46.083	-0.00245039
46.125	-0.00244951
46.167	-0.00244919
46.208	-0.00244862
46.250	-0.00244835
46.292	-0.00244801
46.333	-0.00244778
46.375	-0.00244770
46.417	-0.00244741
46.458	-0.00244709
46.500	-0.00244685
46.542	-0.00244651
46.583	-0.00244636
46.625	-0.00244627
46.667	-0.00244594
46.708	-0.00244561
46.750	-0.00244490
46.792	-0.00244446
46.833	-0.00244415
46.875	-0.00244413
46.917	-0.00244373
46.958	-0.00244306
47.000	-0.00244285
47.042	-0.00244204
47.083	-0.00244197
47.125	-0.00244115
47.167	-0.00244028
47.208	-0.00243981
47.250	-0.00243931
47.292	-0.00243885
47.333	-0.00243865
47.375	-0.00243827
47.417	-0.00243769
47.458	-0.00243732
47.500	-0.00243701
47.542	-0.00243665
47.583	-0.00243614
47.625	-0.00243556
47.667	-0.00243520
47.708	-0.00243481
47.750	-0.00243473
47.792	-0.00243414
47.833	-0.00243352
47.875	-0.00243314
47.917	-0.00243278
47.958	-0.00243272
48.000	-0.00243244
48.042	-0.00243202
48.083	-0.00243135
48.125	-0.00243082
48.167	-0.00243007
48.208	-0.00242942
48.250	-0.00242851
48.292	-0.00242800
48.333	-0.00242762
48.375	-0.00242716
48.417	-0.00242659
48.458	-0.00242636
48.500	-0.00242611
48.542	-0.00242553
48.583	-0.00242483
48.625	-0.00242416
48.667	-0.00242370
48.708	-0.00242377
48.750	-0.00242370
48.792	-0.00242330
48.833	-0.00242249
48.875	-0.00242185
48.917	-0.00242114
48.958	-0.00242074
49.000	-0.00242017
49.042	-0.00241945
49.083	-0.00241849
49.125	-0.00241739
49.167	-0.00241722
49.208	-0.00241633
49.250	-0.00241520
49.292	-0.00241511
49.333	-0.00241486
49.375	-0.00241436
49.417	-0.00241381
49.458	-0.00241355
49.500	-0.00241304
49.542	-0.00241196
49.583	-0.00241081
49.625	-0.00241096
49.667	-0.00241094
49.708	-0.00241004
49.750	-0.00240888
49.792	-0.00240843
49.833	-0.00240756
49.875	-0.00240740
49.917	-0.00240647
49.958	-0.00240578
50.000	-0.00240558
50.042	-0.00240536
50.083	-0.00240488
50.125	-0.00240414
50.167	-0.00240354
50.208	-0.00240298
50.250	-0.00240241
50.292	-0.00240177
50.333	-0.00240115
50.375	-0.00240065
50.417	-0.00240016
50.458	-0.00239992
50.500	-0.00239933
50.542	-0.00239855
50.583	-0.00239782
50.625	-0.00239699
50.667	-0.00239636
50.708	-0.00239618
50.750	-0.00239543
50.792	-0.00239466
50.833	-0.00239445
50.875	-0.00239447
50.917	-0.00239422
50.958	-0.00239335
51.000	-0.00239249
51.042	-0.00239164
51.083	-0.00239094
51.125	-0.00239031
51.167	-0.00238996
51.208	-0.00238924
51.250	-0.00238840
51.292	-0.00238786
51.333	-0.00238697
51.375	-0.00238661
51.417	-0.00238591
51.458	-0.00238524
51.500	-0.00238464
51.542	-0.00238391
51.583	-0.00238334
51.625	-0.00238256
51.667	-0.00238132
51.708	-0.00238123
51.750	-0.00238109
51.792	-0.00237997
51.833	-0.00237927
51.875	-0.00237862
51.917	-0.00237806
51.958	-0.00237731
52.000	-0.00237648
52.042	-0.00237525
52.083	-0.00237455
52.125	-0.00237390
52.167	-0.00237317
52.208	-0.00237195
52.250	-0.00237091
52.292	-0.00237080
52.333	-0.00236998
52.375	-0.00236976
52.417	-0.00236855
52.458	-0.00236824
52.500	-0.00236801
52.542	-0.00236704
52.583	-0.00236593
52.627	-0.00236502
52.675	-0.00236380
52.717	-0.00236331
52.758	-0.00236307
52.800	-0.00236259
52.843	-0.00236207
52.885	-0.00236142
52.927	-0.00236080
52.968	-0.00236007
53.010	-0.00235911
53.052	-0.00235798
53.100	-0.00235703
53.143	-0.00235605
53.185	-0.00235513
53.233	-0.00235423
53.275	-0.00235357
53.317	-0.00235287
53.358	-0.00235224
53.400	-0.00235128
53.442	-0.00235099
53.483	-0.00235046
53.525	-0.00234983
53.567	-0.00234914
53.608	-0.00234855
53.650	-0.00234786
53.692	-0.00234748
53.733	-0.00234697
53.775	-0.00234607
53.817	-0.00234517
53.858	-0.00234430
53.900	-0.00234332
53.942	-0.00234264
53.983	-0.00234167
54.025	-0.00234077
54.067	-0.00233999
54.108	-0.00233928
54.152	-0.00233871
54.193	-0.00233815
54.242	-0.00233719
54.285	-0.00233625
54.327	-0.00233522
54.368	-0.00233421
54.410	-0.00233329
54.452	-0.00233243
54.493	-0.00233164
54.535	-0.00233058
54.577	-0.00232992
54.618	-0.00232898
54.660	-0.00232834
54.702	-0.00232710
54.743	-0.00232631
54.785	-0.00232569
54.827	-0.00232496
54.868	-0.00232434
54.910	-0.00232345
54.952	-0.00232237
54.993	-0.00232161
55.035	-0.00232065
55.077	-0.00231982
55.118	-0.00231891
55.160	-0.00231830
55.202	-0.00231773
55.243	-0.00231698
55.285	-0.00231588
55.327	-0.00231507
55.368	-0.00231409
55.410	-0.00231318
55.452	-0.00231270
55.493	-0.00231204
55.535	-0.00231106
55.577	-0.00230923
55.618	-0.00230864
55.660	-0.00230792
55.702	-0.00230737
55.743	-0.00230658
55.785	-0.00230618
55.827	-0.00230527
55.868	-0.00230423
55.910	-0.00230334
55.952	-0.00230255
55.993	-0.00230170
56.035	-0.00230082
56.077	-0.00230024
56.118	-0.00229908
56.160	-0.00229818
56.202	-0.00229739
56.243	-0.00229645
56.285	-0.00229543
56.327	-0.00229435
56.368	-0.00229330
56.410	-0.00229249
56.452	-0.00229192
56.493	-0.00229111
56.535	-0.00229018
56.577	-0.00228949
56.618	-0.00228833
56.660	-0.00228734
56.702	-0.00228665
56.743	-0.00228560
56.785	-0.00228516
56.827	-0.00228449
56.868	-0.00228329
56.910	-0.00228175
56.952	-0.00228093
56.993	-0.00227998
57.035	-0.00227951
57.077	-0.00227887
57.118	-0.00227798
57.160	-0.00227718
57.202	-0.00227641
57.243	-0.00227535
57.285	-0.00227419
57.327	-0.00227315
57.368	-0.00227209
57.410	-0.00227145
57.452	-0.00227061
57.493	-0.00226984
57.535	-0.00226828
57.577	-0.00226758
57.618	-0.00226669
57.660	-0.00226572
57.702	-0.00226527
57.743	-0.00226461
57.785	-0.00226380
57.827	-0.00226288
57.868	-0.00226090
57.910	-0.00225945
57.951	-0.00225887
57.993	-0.00225882
58.035	-0.00225905
58.076	-0.00225845
58.118	-0.00225748
58.160	-0.00225652
58.201	-0.00225535
58.243	-0.00225409
58.285	-0.00225267
58.327	-0.00225142
58.368	-0.00225021
58.410	-0.00224889
58.452	-0.00224778
58.493	-0.00224651
58.535	-0.00224548
58.577	-0.00224408
58.618	-0.00224244
58.660	-0.00224144
58.701	-0.00224065
58.743	-0.00223993
58.785	-0.00223955
58.826	-0.00223922
58.868	-0.00223830
58.910	-0.00223755
58.952	-0.00223618
58.993	-0.00223511
59.035	-0.00223399
59.077	-0.00223315
59.118	-0.00223216
59.160	-0.00223109
59.202	-0.00222997
59.243	-0.00222922
59.285	-0.00222830
59.327	-0.00222785
59.368	-0.00222778
59.410	-0.00222782
59.452	-0.00222760
59.493	-0.00222734
59.535	-0.00222706
59.577	-0.00222661
59.618	-0.00222580
59.660	-0.00222537
59.702	-0.00222474
59.743	-0.00222318
59.785	-0.00222201
59.827	-0.00222091
59.868	-0.00221969
59.910	-0.00221880
59.952	-0.00221781
59.993	-0.00221698
60.035	-0.00221621
60.077	-0.00221557
60.118	-0.00221475
60.160	-0.00221343
60.202	-0.00221213
60.243	-0.00221086
60.285	-0.00220922
60.327	-0.00220768
60.368	-0.00220595
60.410	-0.00220460
60.452	-0.00220375
60.493	-0.00220295
60.535	-0.00220157
60.577	-0.00220095
60.618	-0.00219993
60.660	-0.00219880
60.702	-0.00219779
60.743	-0.00219688
60.785	-0.00219546
60.827	-0.00219417
60.868	-0.00219351
60.910	-0.00219249
60.952	-0.00219133
60.993	-0.00219015
61.035	-0.00218928
61.077	-0.00218865
61.118	-0.00218713
61.160	-0.00218528
61.202	-0.00218460
61.243	-0.00218389
61.285	-0.00218322
61.327	-0.00218255
61.368	-0.00218177
61.410	-0.00218073
61.452	-0.00217954
61.493	-0.00217818
61.535	-0.00217685
61.577	-0.00217593
61.618	-0.00217482
61.660	-0.00217378
61.702	-0.00217242
61.743	-0.00217186
61.785	-0.00217038
61.827	-0.00216951
61.868	-0.00216864
61.910	-0.00216754
61.952	-0.00216650
61.993	-0.00216541
62.035	-0.00216440
62.077	-0.00216307
62.118	-0.00216198
62.160	-0.00216081
62.202	-0.00215973
62.243	-0.00215856
62.285	-0.00215756
62.327	-0.00215669
62.368	-0.00215581
62.410	-0.00215446
62.452	-0.00215305
62.493	-0.00215202
62.535	-0.00215090
62.577	-0.00214999
62.618	-0.00214931
62.660	-0.00214800
62.702	-0.00214682
62.743	-0.00214584
62.785	-0.00214498
62.827	-0.00214377
62.868	-0.00214285
62.910	-0.00214168
62.952	-0.00214105
62.993	-0.00213935
63.035	-0.00213811
63.077	-0.00213786
63.118	-0.00213693
63.160	-0.00213526
63.202	-0.00213418
63.243	-0.00213352
63.285	-0.00213251
63.327	-0.00213130
63.368	-0.00212988
63.410	-0.00212862
63.452	-0.00212747
63.493	-0.00212660
63.535	-0.00212548
63.577	-0.00212439
63.618	-0.00212330
63.660	-0.00212195
63.702	-0.00212102
63.743	-0.00212040
63.785	-0.00211982
63.827	-0.00211893
63.868	-0.00211784
63.910	-0.00211661
63.952	-0.00211623
63.993	-0.00211527
64.035	-0.00211302
64.077	-0.00211128
64.118	-0.00210999
64.160	-0.00210913
64.202	-0.00210828
64.243	-0.00210745
64.285	-0.00210643
64.327	-0.00210516
64.368	-0.00210387
64.410	-0.00210250
64.452	-0.00210124
64.493	-0.00210017
64.535	-0.00209918
64.577	-0.00209822
64.618	-0.00209742
64.660	-0.00209668
64.702	-0.00209574
64.743	-0.00209448
64.785	-0.00209323
64.827	-0.00209178
64.868	-0.00209057
64.910	-0.00208963
64.952	-0.00208869
64.993	-0.00208743
65.035	-0.00208620
65.077	-0.00208494
65.118	-0.00208389
65.160	-0.00208210
65.202	-0.00208047
65.243	-0.00207931
65.285	-0.00207868
65.327	-0.00207876
65.368	-0.00207756
65.410	-0.00207653
65.452	-0.00207531
65.493	-0.00207400
65.535	-0.00207301
65.577	-0.00207170
65.618	-0.00207053
65.660	-0.00206918
65.702	-0.00206797
65.743	-0.00206650
65.785	-0.00206508
65.827	-0.00206397
65.868	-0.00206308
65.910	-0.00206196
65.952	-0.00206119
65.993	-0.00206024
66.035	-0.00205922
66.077	-0.00205835
66.118	-0.00205735
66.160	-0.00205610
66.202	-0.00205517
66.243	-0.00205351
66.285	-0.00205278
66.327	-0.00205203
66.368	-0.00205123
66.410	-0.00205032
66.452	-0.00204917
66.493	-0.00204787
66.535	-0.00204661
66.577	-0.00204528
66.618	-0.00204420
66.660	-0.00204327
66.702	-0.00204208
66.743	-0.00204076
66.785	-0.00203935
66.827	-0.00203824
66.868	-0.00203691
66.910	-0.00203570
66.952	-0.00203464
66.993	-0.00203378
67.035	-0.00203277
67.077	-0.00203201
67.118	-0.00203067
67.160	-0.00202958
67.202	-0.00202814
67.243	-0.00202696
67.285	-0.00202558
67.327	-0.00202434
67.368	-0.00202299
67.410	-0.00202186
67.452	-0.00202068
67.493	-0.00201993
67.535	-0.00201850
67.577	-0.00201689
67.618	-0.00201557
67.660	-0.00201431
67.702	-0.00201409
67.743	-0.00201325
67.785	-0.00201194
67.827	-0.00201055
67.868	-0.00200916
67.910	-0.00200763
67.952	-0.00200630
67.993	-0.00200476
68.035	-0.00200370
68.077	-0.00200249
68.118	-0.00200119
68.160	-0.00200020
68.202	-0.00199907
68.243	-0.00199781
68.293	-0.00199658
68.335	-0.00199547
68.377	-0.00199464
68.418	-0.00199384
68.460	-0.00199280
68.502	-0.00199167
68.543	-0.00199084
68.585	-0.00198975
68.627	-0.00198883
68.668	-0.00198755
68.710	-0.00198630
68.752	-0.00198546
68.793	-0.00198448
68.835	-0.00198388
68.877	-0.00198234
68.918	-0.00198118
68.960	-0.00198014
69.002	-0.00197917
69.043	-0.00197811
69.085	-0.00197721
69.127	-0.00197606
69.168	-0.00197498
69.210	-0.00197384
69.252	-0.00197270
69.293	-0.00197183
69.335	-0.00197077
69.377	-0.00196928
69.418	-0.00196834
69.460	-0.00196727
69.502	-0.00196613
69.544	-0.00196520
69.585	-0.00196374
69.627	-0.00196284
69.668	-0.00196209
69.710	-0.00196016
69.752	-0.00195905
69.793	-0.00195818
69.835	-0.00195699
69.877	-0.00195581
69.918	-0.00195471
69.960	-0.00195365
70.002	-0.00195243
70.043	-0.00195113
70.085	-0.00195021
70.127	-0.00194872
70.168	-0.00194725
70.210	-0.00194582
70.252	-0.00194477
70.293	-0.00194381
70.335	-0.00194262
70.377	-0.00194137
70.418	-0.00193989
70.460	-0.00193863
70.502	-0.00193716
70.543	-0.00193575
70.585	-0.00193509
70.627	-0.00193431
70.668	-0.00193344
70.710	-0.00193205
70.752	-0.00193093
70.793	-0.00193006
70.835	-0.00192900
70.877	-0.00192737
70.918	-0.00192635
70.960	-0.00192524
71.002	-0.00192368
71.043	-0.00192260
71.085	-0.00192133
71.127	-0.00192044
71.168	-0.00191965
71.210	-0.00191871
71.252	-0.00191770
71.293	-0.00191703
71.335	-0.00191599
71.377	-0.00191497
71.418	-0.00191412
71.460	-0.00191303
71.502	-0.00191205
71.543	-0.00191101
71.585	-0.00190996
71.627	-0.00190908
71.668	-0.00190775
71.710	-0.00190687
71.752	-0.00190576
71.793	-0.00190487
71.835	-0.00190390
71.877	-0.00190288
71.918	-0.00190152
71.960	-0.00190031
72.002	-0.00189910
72.043	-0.00189782
72.085	-0.00189665
72.127	-0.00189567
72.168	-0.00189456
72.210	-0.00189358
72.252	-0.00189259
72.293	-0.00189170
72.335	-0.00189085
72.377	-0.00188992
72.418	-0.00188870
72.460	-0.00188770
72.502	-0.00188683
72.543	-0.00188582
72.585	-0.00188468
72.627	-0.00188339
72.668	-0.00188240
72.710	-0.00188158
72.752	-0.00188060
72.793	-0.00187975
72.835	-0.00187863
72.877	-0.00187787
72.918	-0.00187724
72.960	-0.00187686
73.002	-0.00187645
73.043	-0.00187550
73.085	-0.00187385
73.127	-0.00187228
73.168	-0.00187060
73.210	-0.00187028
73.252	-0.00186935
73.293	-0.00186816
73.335	-0.00186682
73.377	-0.00186540
73.418	-0.00186453
73.460	-0.00186397
73.502	-0.00186302
73.543	-0.00186199
73.585	-0.00186066
73.627	-0.00185925
73.668	-0.00185813
73.710	-0.00185725
73.752	-0.00185673
73.793	-0.00185578
73.835	-0.00185528
73.877	-0.00185480
73.918	-0.00185402
73.960	-0.00185276
74.002	-0.00185178
74.043	-0.00185094
74.085	-0.00185029
74.127	-0.00184943
74.168	-0.00184848
74.210	-0.00184727
74.252	-0.00184622
74.293	-0.00184525
74.335	-0.00184439
74.377	-0.00184334
74.418	-0.00184261
74.460	-0.00184145
74.502	-0.00184017
74.543	-0.00183912
74.585	-0.00183803
74.627	-0.00183684
74.668	-0.00183583
74.710	-0.00183526
74.752	-0.00183461
74.793	-0.00183358
74.835	-0.00183239
74.877	-0.00183146
74.918	-0.00183067
74.960	-0.00182975
75.002	-0.00182892
75.043	-0.00182792
75.085	-0.00182702
75.127	-0.00182595
75.168	-0.00182497
75.210	-0.00182381
75.252	-0.00182241
75.293	-0.00182088
75.335	-0.00181974
75.377	-0.00181922
75.418	-0.00181884
75.460	-0.00181793
75.502	-0.00181739
75.543	-0.00181662
75.585	-0.00181558
75.627	-0.00181488
75.668	-0.00181473
75.710	-0.00181424
75.752	-0.00181316
75.793	-0.00181187
75.835	-0.00181086
75.877	-0.00181006
75.918	-0.00180928
75.960	-0.00180843
76.002	-0.00180766
76.043	-0.00180678
76.085	-0.00180573
76.127	-0.00180483
76.168	-0.00180368
76.210	-0.00180274
76.252	-0.00180209
76.293	-0.00180156
76.335	-0.00180106
76.377	-0.00180031
76.418	-0.00179914
76.460	-0.00179820
76.502	-0.00179718
76.543	-0.00179643
76.585	-0.00179574
76.627	-0.00179501
76.668	-0.00179453
76.710	-0.00179402
76.752	-0.00179282
76.793	-0.00179225
76.835	-0.00179138
76.877	-0.00179014
76.918	-0.00178903
76.960	-0.00178832
77.002	-0.00178738
77.044	-0.00178697
77.085	-0.00178600
77.127	-0.00178525
77.169	-0.00178435
77.210	-0.00178344
77.252	-0.00178241
77.294	-0.00178165
77.335	-0.00178099
77.377	-0.00178014
77.419	-0.00177900
77.460	-0.00177816
77.502	-0.00177712
77.543	-0.00177599
77.585	-0.00177541
77.627	-0.00177507
77.669	-0.00177472
77.710	-0.00177455
77.752	-0.00177366
77.794	-0.00177294
77.835	-0.00177250
77.877	-0.00177186
77.918	-0.00177150
77.960	-0.00177095
78.002	-0.00176978
78.043	-0.00176896
78.085	-0.00176849
78.127	-0.00176786
78.168	-0.00176687
78.210	-0.00176609
78.252	-0.00176544
78.293	-0.00176475
78.335	-0.00176391
78.377	-0.00176324
78.418	-0.00176261
78.460	-0.00176195
78.502	-0.00176129
78.543	-0.00176081
78.585	-0.00176039
78.627	-0.00175979
78.668	-0.00175912
78.710	-0.00175831
78.752	-0.00175776
78.793	-0.00175736
78.835	-0.00175703
78.877	-0.00175665
78.919	-0.00175640
78.960	-0.00175607
79.002	-0.00175558
79.044	-0.00175531
79.085	-0.00175430
79.127	-0.00175322
79.168	-0.00175284
79.210	-0.00175255
79.252	-0.00175202
79.294	-0.00175112
79.335	-0.00175056
79.377	-0.00174969
79.418	-0.00174878
79.460	-0.00174832
79.502	-0.00174855
79.544	-0.00174813
79.585	-0.00174681
79.627	-0.00174633
79.668	-0.00174578
79.710	-0.00174515
79.752	-0.00174484
79.793	-0.00174458
79.835	-0.00174422
79.877	-0.00174395
79.919	-0.00174376
79.960	-0.00174317
80.002	-0.00174230
80.043	-0.00174119
80.085	-0.00174081
80.127	-0.00174030
80.169	-0.00173972
80.210	-0.00173906
80.252	-0.00173832
80.293	-0.00173742
80.335	-0.00173699
80.377	-0.00173665
80.418	-0.00173593
80.460	-0.00173529
80.502	-0.00173472
80.544	-0.00173456
80.585	-0.00173397
80.627	-0.00173370
80.669	-0.00173331
80.710	-0.00173283
80.752	-0.00173254
80.794	-0.00173191
80.835	-0.00173139
80.877	-0.00173140
80.919	-0.00173155
80.960	-0.00173130
81.002	-0.00173080
81.044	-0.00173026
81.085	-0.00172971
81.127	-0.00172940
81.169	-0.00172905
81.210	-0.00172890
81.252	-0.00172859
81.294	-0.00172830
81.335	-0.00172792
81.377	-0.00172735
81.419	-0.00172680
81.460	-0.00172641
81.502	-0.00172583
81.544	-0.00172573
81.585	-0.00172547
81.627	-0.00172521
81.669	-0.00172515
81.710	-0.00172463
81.752	-0.00172495
81.793	-0.00172532
81.835	-0.00172516
81.877	-0.00172465
81.919	-0.00172415
81.960	-0.00172358
82.002	-0.00172323
82.044	-0.00172300
82.085	-0.00172284
82.127	-0.00172236
82.169	-0.00172220
82.210	-0.00172210
82.252	-0.00172192
82.294	-0.00172157
82.335	-0.00172185
82.377	-0.00172175
82.419	-0.00172119
82.460	-0.00172061
82.502	-0.00172075
82.544	-0.00172094
82.585	-0.00172081
82.627	-0.00172057
82.668	-0.00172044
82.710	-0.00172039
82.752	-0.00172013
82.794	-0.00172000
82.835	-0.00172005
82.877	-0.00171980
82.919	-0.00171968
82.960	-0.00171927
83.002	-0.00171911
83.044	-0.00171918
83.085	-0.00171902
83.127	-0.00171864
83.169	-0.00171850
83.210	-0.00171819
83.252	-0.00171844
83.294	-0.00171878
83.335	-0.00171892
83.377	-0.00171854
83.419	-0.00171835
83.460	-0.00171841
83.502	-0.00171854
83.544	-0.00171870
83.585	-0.00171874
83.627	-0.00171873
83.669	-0.00171858
83.710	-0.00171882
83.752	-0.00171903
83.794	-0.00171933
83.835	-0.00171923
83.877	-0.00171893
83.919	-0.00171890
83.960	-0.00171893
84.002	-0.00171883
84.044	-0.00171875
84.085	-0.00171893
84.127	-0.00171935
84.169	-0.00171940
84.210	-0.00171929
84.252	-0.00171920
84.294	-0.00171939
84.335	-0.00171945
84.377	-0.00171965
84.419	-0.00171989
84.460	-0.00172002
84.502	-0.00172009
84.544	-0.00172033
84.585	-0.00172018
84.627	-0.00171995
84.669	-0.00171996
84.710	-0.00172016
84.752	-0.00172042
84.794	-0.00172083
84.835	-0.00172092
84.877	-0.00172112
84.919	-0.00172137
84.960	-0.00172148
85.002	-0.00172168
85.044	-0.00172126
85.085	-0.00172125
85.127	-0.00172182
85.169	-0.00172204
85.210	-0.00172232
85.252	-0.00172287
85.294	-0.00172309
85.335	-0.00172326
85.377	-0.00172343
85.419	-0.00172379
85.460	-0.00172403
85.502	-0.00172447
85.544	-0.00172462
85.585	-0.00172466
85.627	-0.00172489
85.669	-0.00172551
85.710	-0.00172607
85.752	-0.00172621
85.794	-0.00172641
85.835	-0.00172687
85.877	-0.00172717
85.919	-0.00172776
85.960	-0.00172844
86.002	-0.00172904
86.044	-0.00172966
86.085	-0.00172974
86.127	-0.00172998
86.169	-0.00173052
86.210	-0.00173095
86.252	-0.00173124
86.294	-0.00173174
86.335	-0.00173198
86.377	-0.00173231
86.419	-0.00173292
86.460	-0.00173347
86.502	-0.00173393
86.544	-0.00173480
86.585	-0.00173551
86.627	-0.00173628
86.669	-0.00173688
86.710	-0.00173739
86.752	-0.00173764
86.794	-0.00173800
86.835	-0.00173848
86.877	-0.00173889
86.919	-0.00173943
86.960	-0.00173981
87.002	-0.00174046
87.044	-0.00174068
87.085	-0.00174130
87.127	-0.00174126
87.169	-0.00174117
87.210	-0.00174205
87.252	-0.00174264
87.294	-0.00174336
87.335	-0.00174398
87.377	-0.00174463
87.419	-0.00174527
87.460	-0.00174551
87.502	-0.00174557
87.544	-0.00174595
87.585	-0.00174650
87.627	-0.00174697
87.669	-0.00174763
87.710	-0.00174822
87.752	-0.00174893
87.794	-0.00174938
87.835	-0.00174970
87.877	-0.00175041
87.919	-0.00175145
87.960	-0.00175239
88.002	-0.00175333
88.044	-0.00175400
88.085	-0.00175454
88.127	-0.00175516
88.169	-0.00175580
88.210	-0.00175645
88.252	-0.00175692
88.294	-0.00175786
88.335	-0.00175908
88.377	-0.00176007
88.419	-0.00176087
88.460	-0.00176158
88.502	-0.00176240
88.544	-0.00176316
88.585	-0.00176395
88.627	-0.00176466
88.669	-0.00176547
88.710	-0.00176625
88.752	-0.00176703
88.794	-0.00176759
88.835	-0.00176807
88.877	-0.00176878
88.919	-0.00176985
88.960	-0.00177104
89.002	-0.00177200
89.044	-0.00177286
89.085	-0.00177367
89.127	-0.00177428
89.169	-0.00177490
89.210	-0.00177567
89.252	-0.00177628
89.294	-0.00177712
89.335	-0.00177803
89.377	-0.00177893
89.419	-0.00177956
89.460	-0.00178003
89.502	-0.00178054
89.544	-0.00178173
89.585	-0.00178306
89.627	-0.00178366
89.669	-0.00178444
89.710	-0.00178510
89.752	-0.00178596
89.794	-0.00178692
89.835	-0.00178793
89.877	-0.00178897
89.919	-0.00179002
89.960	-0.00179086
90.002	-0.00179188
90.044	-0.00179268
90.085	-0.00179353
90.127	-0.00179463
90.169	-0.00179586
90.210	-0.00179684
90.252	-0.00179782
90.294	-0.00179853
90.335	-0.00179913
90.377	-0.00180001
90.419	-0.00180085
90.460	-0.00180146
90.502	-0.00180236
90.544	-0.00180256
90.585	-0.00180338
90.627	-0.00180482
90.669	-0.00180600
90.710	-0.00180696
90.752	-0.00180785
90.794	-0.00180867
90.835	-0.00180982
90.877	-0.00181128
90.919	-0.00181249
90.960	-0.00181333
91.002	-0.00181414
91.044	-0.00181521
91.085	-0.00181611
91.127	-0.00181720
91.169	-0.00181820
91.210	-0.00181917
91.252	-0.00182016
91.294	-0.00182110
91.335	-0.00182223
91.377	-0.00182302
91.419	-0.00182444
91.460	-0.00182556
91.502	-0.00182662
91.544	-0.00182770
91.585	-0.00182841
91.627	-0.00182925
91.669	-0.00183009
91.710	-0.00183092
91.752	-0.00183218
91.794	-0.00183351
91.835	-0.00183450
91.877	-0.00183555
91.919	-0.00183657
91.960	-0.00183772
92.002	-0.00183898
92.044	-0.00184045
92.085	-0.00184180
92.127	-0.00184303
92.169	-0.00184396
92.210	-0.00184504
92.252	-0.00184610
92.294	-0.00184731
92.335	-0.00184836
92.377	-0.00184946
92.419	-0.00185059
92.460	-0.00185174
92.502	-0.00185290
92.544	-0.00185409
92.585	-0.00185508
92.627	-0.00185626
92.669	-0.00185748
92.710	-0.00185847
92.752	-0.00185968
92.794	-0.00186074
92.835	-0.00186161
92.877	-0.00186265
92.919	-0.00186362
92.960	-0.00186470
93.002	-0.00186578
93.044	-0.00186685
93.085	-0.00186783
93.127	-0.00186896
93.169	-0.00187016
93.210	-0.00187142
93.252	-0.00187274
93.294	-0.00187399
93.335	-0.00187488
93.377	-0.00187588
93.419	-0.00187706
93.460	-0.00187811
93.502	-0.00187910
93.544	-0.00188001
93.585	-0.00188100
93.627	-0.00188204
93.669	-0.00188299
93.710	-0.00188422
93.752	-0.00188540
93.794	-0.00188665
93.835	-0.00188831
93.877	-0.00188967
93.919	-0.00189088
93.960	-0.00189191
94.002	-0.00189309
94.044	-0.00189425
94.085	-0.00189521
94.127	-0.00189622
94.169	-0.00189738
94.210	-0.00189860
94.252	-0.00189976
94.294	-0.00190081
94.335	-0.00190200
94.377	-0.00190301
94.419	-0.00190394
94.460	-0.00190491
94.502	-0.00190599
94.544	-0.00190696
94.585	-0.00190810
94.627	-0.00190922
94.669	-0.00191040
94.711	-0.00191136
94.752	-0.00191209
94.794	-0.00191309
94.835	-0.00191437
94.877	-0.00191544
94.919	-0.00191652
94.960	-0.00191751
95.002	-0.00191861
95.044	-0.00191984
95.085	-0.00192104
95.127	-0.00192211
95.169	-0.00192322
95.211	-0.00192445
95.252	-0.00192510
95.294	-0.00192640
95.335	-0.00192720
95.377	-0.00192818
95.419	-0.00192952
95.460	-0.00193075
95.502	-0.00193213
95.544	-0.00193355
95.585	-0.00193469
95.627	-0.00193547
95.669	-0.00193617
95.710	-0.00193693
95.752	-0.00193774
95.794	-0.00193854
95.835	-0.00193928
95.877	-0.00194037
95.919	-0.00194137
95.960	-0.00194242
96.002	-0.00194354
96.044	-0.00194445
96.085	-0.00194564
96.127	-0.00194674
96.169	-0.00194790
96.211	-0.00194912
96.252	-0.00195022
96.294	-0.00195132
96.336	-0.00195227
96.377	-0.00195327
96.419	-0.00195426
96.461	-0.00195543
96.502	-0.00195658
96.544	-0.00195766
96.586	-0.00195870
96.627	-0.00196012
96.669	-0.00196124
96.711	-0.00196216
96.752	-0.00196320
96.794	-0.00196402
96.836	-0.00196503
96.877	-0.00196597
96.919	-0.00196696
96.961	-0.00196795
97.002	-0.00196880
97.044	-0.00196967
97.086	-0.00197066
97.127	-0.00197178
97.169	-0.00197299
97.211	-0.00197434
97.252	-0.00197547
97.294	-0.00197672
97.336	-0.00197816
97.377	-0.00197956
97.419	-0.00198065
97.461	-0.00198163
97.502	-0.00198240
97.544	-0.00198328
97.586	-0.00198394
97.627	-0.00198482
97.669	-0.00198584
97.711	-0.00198685
97.752	-0.00198806
97.794	-0.00198934
97.836	-0.00199054
97.877	-0.00199177
97.919	-0.00199246
97.960	-0.00199341
98.002	-0.00199444
98.044	-0.00199603
98.085	-0.00199746
98.127	-0.00199853
98.169	-0.00199964
98.211	-0.00200069
98.252	-0.00200157
98.294	-0.00200210
98.336	-0.00200286
98.377	-0.00200366
98.419	-0.00200465
98.461	-0.00200575
98.502	-0.00200675
98.544	-0.00200752
98.586	-0.00200839
98.627	-0.00200924
98.669	-0.00201006
98.711	-0.00201099
98.752	-0.00201198
98.794	-0.00201308
98.836	-0.00201414
98.877	-0.00201517
98.919	-0.00201632
98.961	-0.00201733
99.002	-0.00201848
99.044	-0.00201950
99.086	-0.00202062
99.127	-0.00202157
99.169	-0.00202267
99.211	-0.00202377
99.252	-0.00202476
99.294	-0.00202574
99.336	-0.00202649
99.377	-0.00202736
99.419	-0.00202833
99.461	-0.00202909
99.502	-0.00202992
99.544	-0.00203106
99.586	-0.00203187
99.627	-0.00203267
99.669	-0.00203364
99.711	-0.00203478
99.752	-0.00203595
99.794	-0.00203722
99.836	-0.00203845
99.877	-0.00203935
99.919	-0.00204002
99.961	-0.00204115
