#MW is set to 454 using carbon number=6
#T    cl(J/K mol)
0.000000 1664.734849 
0.032000 1664.305138 
0.069000 1663.593809 
0.109000 1654.339026 
0.150000 1647.389900 
0.191000 1609.235771 
0.234000 1581.394164 
0.285000 1558.686748 
0.327000 1535.464722 
0.370000 1521.000676 
0.413000 1497.935875 
0.456000 1450.644193 
0.499000 1410.273382 
0.542000 1376.878147 
0.585000 1345.512519 
0.627000 1317.746354 
0.670000 1294.941277 
0.712000 1273.274727 
0.755000 1251.689104 
0.797000 1231.154881 
0.840000 1212.172157 
0.882000 1194.832191 
0.924000 1175.900853 
0.967000 1158.586914 
1.009000 1142.218331 
1.051000 1125.631474 
1.093000 1109.629948 
1.135000 1094.427370 
1.177000 1080.959730 
1.219000 1067.415918 
1.261000 1054.885298 
1.303000 1042.253743 
1.345000 1031.653951 
1.387000 1021.930844 
1.429000 1014.028787 
1.471000 1006.689602 
1.513000 1000.221788 
1.555000 995.150576 
1.597000 991.304303 
1.638000 988.960203 
1.680000 987.668647 
1.722000 987.976235 
1.764000 989.167650 
1.806000 991.004004 
1.848000 993.267095 
1.889000 995.102646 
1.931000 996.340718 
1.973000 996.854759 
2.015000 997.677415 
2.057000 999.811228 
2.098000 1003.614615 
2.140000 1008.830551 
2.182000 1013.602805 
2.224000 1016.163109 
2.265000 1016.318151 
2.307000 1014.592727 
2.349000 1011.824972 
2.391000 1008.313359 
2.432000 1004.753546 
2.474000 1000.935016 
2.516000 996.755053 
2.557000 992.740629 
2.599000 988.946991 
2.641000 985.425842 
2.683000 982.071909 
2.724000 979.111658 
2.766000 976.617849 
2.808000 974.355990 
2.849000 972.339888 
2.891000 970.512320 
2.933000 968.797050 
2.975000 967.217475 
3.016000 965.805672 
3.058000 964.655236 
3.100000 963.600838 
3.141000 962.774412 
3.183000 961.831010 
3.225000 960.703144 
3.266000 960.140603 
3.308000 959.634949 
3.350000 958.881452 
3.392000 958.125598 
3.433000 957.381022 
3.475000 956.657145 
3.517000 956.010818 
3.558000 955.446449 
3.600000 954.972817 
3.642000 954.537568 
3.683000 954.183612 
3.725000 953.813204 
3.767000 953.588647 
3.808000 953.291160 
3.850000 952.989691 
3.892000 952.636703 
3.933000 952.370205 
3.975000 952.180372 
4.017000 952.095963 
4.059000 951.990280 
4.100000 951.793661 
4.142000 951.727889 
4.184000 951.688667 
4.225000 951.541381 
4.267000 951.469158 
4.317000 951.495530 
4.359000 951.518177 
4.400000 951.466513 
4.442000 951.459839 
4.484000 951.517389 
4.525000 951.474027 
4.567000 951.543479 
4.609000 951.602460 
4.650000 951.577320 
4.692000 951.609830 
4.734000 951.640892 
4.775000 951.644646 
4.817000 951.643475 
4.859000 951.676902 
4.900000 951.678147 
4.942000 951.691707 
4.984000 951.724681 
5.025000 951.726951 
5.067000 951.755797 
5.109000 951.862521 
5.150000 951.983198 
5.192000 952.159711 
5.234000 952.422456 
5.275000 952.686097 
5.317000 953.035435 
5.359000 953.480988 
5.400000 953.909137 
5.442000 954.310189 
5.484000 954.767141 
5.525000 955.171048 
5.567000 955.597545 
5.609000 956.016849 
5.650000 956.292863 
5.692000 956.533772 
5.734000 956.750927 
5.775000 956.907041 
5.817000 957.086965 
5.859000 957.318234 
5.900000 957.435009 
5.942000 957.537361 
5.984000 957.783973 
6.025000 958.018990 
6.067000 958.209485 
6.109000 958.525624 
6.150000 958.824380 
6.192000 959.146826 
6.234000 959.456926 
6.276000 959.755495 
6.317000 959.885417 
6.359000 960.209343 
6.401000 960.503545 
6.442000 960.650337 
6.484000 960.902385 
6.526000 961.260303 
6.567000 961.577220 
6.609000 961.890524 
6.651000 962.293866 
6.692000 962.573526 
6.734000 962.963596 
6.776000 963.324708 
6.817000 963.529372 
6.859000 963.723931 
6.901000 964.032958 
6.942000 964.469882 
6.984000 964.814763 
7.026000 965.133016 
7.067000 965.468660 
7.109000 965.761206 
7.151000 966.122152 
7.192000 966.395669 
7.234000 966.799927 
7.276000 967.157928 
7.317000 967.383766 
7.359000 967.620688 
7.401000 967.812782 
7.442000 968.022473 
7.484000 968.159440 
7.526000 968.317363 
7.567000 968.456315 
7.609000 968.684041 
7.651000 968.906957 
7.692000 969.031242 
7.734000 969.179251 
7.776000 969.384976 
7.817000 969.489160 
7.859000 969.514595 
7.901000 969.537518 
7.942000 969.585544 
7.984000 969.665071 
8.026000 969.795966 
8.067000 969.779441 
8.109000 969.751631 
8.151000 969.774707 
8.192000 969.713231 
8.234000 969.665942 
8.276000 969.571467 
8.317000 969.366677 
8.359000 969.221575 
8.401000 969.142422 
8.442000 969.101444 
8.484000 969.115672 
8.526000 969.009037 
8.567000 968.918247 
8.609000 968.847042 
8.651000 968.838627 
8.692000 968.872798 
8.734000 969.014256 
8.776000 969.314444 
8.817000 969.519384 
8.859000 969.620171 
8.901000 969.594456 
8.942000 969.590385 
8.984000 969.674548 
9.026000 969.795084 
9.067000 969.835085 
9.109000 969.895244 
9.151000 969.846491 
9.192000 969.915390 
9.234000 970.012973 
9.276000 970.147701 
9.317000 970.259394 
9.359000 970.320353 
9.401000 970.463021 
9.442000 970.661144 
9.484000 970.835479 
9.526000 970.909363 
9.567000 970.951593 
9.609000 971.102160 
9.651000 971.223474 
9.692000 971.334310 
9.734000 971.513016 
9.776000 971.612833 
9.817000 971.656916 
9.859000 971.683996 
9.901000 971.856951 
9.942000 972.001313 
9.984000 972.061293 
10.026000 971.941845 
10.067000 972.117978 
10.109000 972.262286 
10.151000 972.526619 
10.192000 972.597149 
10.234000 972.699593 
10.276000 972.942005 
10.317000 973.123348 
10.359000 973.305596 
10.401000 973.587272 
10.442000 973.726576 
10.484000 973.801246 
10.526000 973.854368 
10.567000 973.939927 
10.609000 973.982734 
10.651000 974.041425 
10.692000 974.128638 
10.734000 974.227915 
10.776000 974.361369 
10.817000 974.418186 
10.859000 974.506313 
10.901000 974.650377 
10.942000 974.778332 
10.984000 974.810786 
11.026000 974.912678 
11.067000 975.054790 
11.109000 975.270141 
11.151000 975.365587 
11.192000 975.441130 
11.234000 975.485331 
11.276000 975.607397 
11.317000 975.695686 
11.359000 975.754213 
11.401000 975.821360 
11.442000 975.961790 
11.484000 976.102262 
11.526000 976.279913 
11.567000 976.383489 
11.609000 976.462811 
11.651000 976.567611 
11.692000 976.644594 
11.734000 976.771336 
11.776000 976.848190 
11.817000 976.872245 
11.859000 976.942836 
11.901000 977.093848 
11.942000 977.146205 
11.984000 977.286121 
12.026000 977.349460 
12.067000 977.408139 
12.109000 977.520238 
12.151000 977.666816 
12.192000 977.737095 
12.234000 977.809472 
12.276000 978.004858 
12.317000 978.184739 
12.359000 978.287393 
12.401000 978.431227 
12.442000 978.531071 
12.484000 978.584002 
12.526000 978.704866 
12.567000 978.791328 
12.609000 978.880250 
12.651000 979.051954 
12.692000 979.168128 
12.734000 979.231851 
12.776000 979.375661 
12.817000 979.405758 
12.859000 979.509995 
12.901000 979.602979 
12.942000 979.713978 
12.984000 979.818253 
13.026000 979.896507 
13.067000 979.970645 
13.109000 980.034244 
13.151000 980.186085 
13.192000 980.337664 
13.234000 980.417491 
13.276000 980.645287 
13.317000 980.742890 
13.359000 980.776327 
13.401000 980.816391 
13.442000 980.804182 
13.484000 980.744561 
13.526000 980.790533 
13.567000 980.755823 
13.609000 980.769573 
13.651000 980.841047 
13.692000 980.935433 
13.734000 981.071363 
13.776000 981.140371 
13.817000 981.258011 
13.859000 981.381359 
13.901000 981.507123 
13.942000 981.552366 
13.984000 981.553846 
14.026000 981.641140 
14.067000 981.744688 
14.109000 981.846681 
14.151000 981.950226 
14.192000 982.032596 
14.234000 982.262007 
14.276000 982.388852 
14.317000 982.470851 
14.359000 982.539108 
14.401000 982.570269 
14.442000 982.745405 
14.484000 982.889889 
14.526000 983.022283 
14.567000 983.158639 
14.609000 983.156254 
14.651000 983.229608 
14.692000 983.260075 
14.734000 983.442727 
14.776000 983.626308 
14.817000 983.767333 
14.859000 983.985735 
14.901000 984.177017 
14.942000 984.300888 
14.984000 984.360040 
15.026000 984.466045 
15.067000 984.592883 
15.109000 984.737785 
15.151000 984.878836 
15.192000 984.983079 
15.234000 985.074444 
15.276000 985.123603 
15.317000 985.233142 
15.359000 985.302400 
15.400000 985.380247 
15.442000 985.496643 
15.484000 985.594983 
15.525000 985.687418 
15.567000 985.769772 
15.609000 985.930290 
15.650000 985.984205 
15.692000 986.111100 
15.734000 986.200225 
15.775000 986.333616 
15.817000 986.500389 
15.859000 986.632882 
15.900000 986.736626 
15.942000 986.881447 
15.984000 987.015641 
16.026000 987.111548 
16.067000 987.240941 
16.109000 987.359693 
16.151000 987.377690 
16.192000 987.437204 
16.234000 987.511942 
16.276000 987.536292 
16.317000 987.557378 
16.359000 987.571912 
16.401000 987.714181 
16.442000 987.836938 
16.484000 987.986744 
16.525000 988.120278 
16.567000 988.285408 
16.609000 988.338820 
16.650000 988.419831 
16.692000 988.508741 
16.734000 988.578376 
16.775000 988.659890 
16.817000 988.743601 
16.859000 988.787556 
16.900000 988.880130 
16.942000 989.014751 
16.984000 989.121358 
17.025000 989.184859 
17.067000 989.301000 
17.109000 989.382401 
17.150000 989.530662 
17.192000 989.657823 
17.234000 989.742591 
17.275000 989.812579 
17.317000 989.920458 
17.359000 990.037639 
17.400000 990.089878 
17.442000 990.210571 
17.484000 990.267309 
17.525000 990.398493 
17.567000 990.591495 
17.609000 990.740646 
17.650000 990.815903 
17.692000 990.917991 
17.734000 990.973127 
17.775000 991.039833 
17.817000 991.089345 
17.859000 991.154989 
17.900000 991.234508 
17.942000 991.338890 
17.984000 991.420756 
18.025000 991.537896 
18.067000 991.688053 
18.109000 991.838522 
18.150000 991.919833 
18.192000 992.031834 
18.234000 992.266859 
18.275000 992.304873 
18.317000 992.408566 
18.359000 992.488146 
18.400000 992.570982 
18.442000 992.711582 
18.484000 992.808098 
18.525000 992.885233 
18.567000 993.005643 
18.609000 993.162666 
18.650000 993.282828 
18.692000 993.436701 
18.734000 993.479946 
18.775000 993.486369 
18.817000 993.599518 
18.859000 993.721841 
18.900000 993.791871 
18.942000 993.898378 
18.984000 993.972161 
19.025000 994.046814 
19.067000 994.110901 
19.109000 994.103524 
19.150000 994.150791 
19.192000 994.211134 
19.234000 994.286405 
19.275000 994.329573 
19.317000 994.393361 
19.359000 994.410567 
19.400000 994.391616 
19.442000 994.412106 
19.484000 994.469818 
19.525000 994.471878 
19.567000 994.523797 
19.609000 994.595349 
19.650000 994.671578 
19.692000 994.762481 
19.734000 994.819063 
19.775000 994.888845 
19.817000 995.032206 
19.859000 995.133817 
19.900000 995.204087 
19.942000 995.282019 
19.984000 995.401754 
20.025000 995.529416 
20.067000 995.634061 
20.109000 995.737397 
20.150000 995.847759 
20.192000 995.962142 
20.234000 996.052650 
20.275000 996.166025 
20.317000 996.283404 
20.359000 996.380608 
20.400000 996.475921 
20.442000 996.597133 
20.484000 996.655080 
20.525000 996.718423 
20.567000 996.833090 
20.609000 996.922732 
20.650000 997.004181 
20.692000 997.110560 
20.734000 997.199754 
20.775000 997.295470 
20.817000 997.397162 
20.859000 997.491622 
20.900000 997.580827 
20.942000 997.657657 
20.984000 997.696907 
21.025000 997.704559 
21.067000 997.747759 
21.109000 997.817751 
21.150000 997.893009 
21.192000 997.965563 
21.234000 998.038201 
21.275000 998.088045 
21.317000 998.152972 
21.359000 998.228972 
21.400000 998.275846 
21.442000 998.360702 
21.484000 998.454586 
21.525000 998.523646 
21.567000 998.626131 
21.609000 998.741947 
21.650000 998.842666 
21.692000 998.947594 
21.734000 999.067246 
21.775000 999.148026 
21.817000 999.235565 
21.859000 999.326197 
21.900000 999.423223 
21.942000 999.518379 
21.984000 999.591180 
22.025000 999.629230 
22.067000 999.722223 
22.109000 999.831717 
22.150000 999.904260 
22.192000 999.963766 
22.234000 1000.031858 
22.275000 1000.089205 
22.317000 1000.173958 
22.359000 1000.271600 
22.400000 1000.383334 
22.442000 1000.509466 
22.484000 1000.594753 
22.525000 1000.670386 
22.567000 1000.769337 
22.609000 1000.881316 
22.650000 1000.958083 
22.692000 1001.049046 
22.734000 1001.145099 
22.775000 1001.223988 
22.817000 1001.317404 
22.859000 1001.395387 
22.900000 1001.500619 
22.942000 1001.628932 
22.984000 1001.709322 
23.025000 1001.786918 
23.067000 1001.869107 
23.109000 1001.950236 
23.150000 1002.024269 
23.192000 1002.144834 
23.234000 1002.254321 
23.275000 1002.305189 
23.317000 1002.377063 
23.359000 1002.432051 
23.400000 1002.490656 
23.442000 1002.576984 
23.484000 1002.645807 
23.525000 1002.713675 
23.567000 1002.795789 
23.609000 1002.876541 
23.650000 1002.958800 
23.692000 1003.059667 
23.734000 1003.142824 
23.775000 1003.222371 
23.817000 1003.328379 
23.859000 1003.413047 
23.900000 1003.498012 
23.942000 1003.584543 
23.984000 1003.677511 
24.025000 1003.731844 
24.067000 1003.817684 
24.109000 1003.879247 
24.150000 1003.933191 
24.192000 1004.016610 
24.234000 1004.097244 
24.275000 1004.148510 
24.317000 1004.249892 
24.359000 1004.315718 
24.400000 1004.391142 
24.442000 1004.460148 
24.484000 1004.535591 
24.525000 1004.588384 
24.567000 1004.645712 
24.609000 1004.714303 
24.650000 1004.779674 
24.692000 1004.844917 
24.734000 1004.918495 
24.775000 1004.973447 
24.817000 1005.031809 
24.859000 1005.090154 
24.900000 1005.139670 
24.942000 1005.176625 
24.984000 1005.240824 
25.025000 1005.287865 
25.067000 1005.327700 
25.109000 1005.371155 
25.150000 1005.412555 
25.192000 1005.431461 
25.234000 1005.473422 
25.275000 1005.506598 
25.317000 1005.535050 
25.359000 1005.573154 
25.400000 1005.608088 
25.442000 1005.631324 
25.484000 1005.672139 
25.525000 1005.709644 
25.567000 1005.750996 
25.609000 1005.788181 
25.650000 1005.805074 
25.692000 1005.839543 
25.734000 1005.874775 
25.775000 1005.897949 
25.817000 1005.935536 
25.859000 1005.960946 
25.900000 1005.981841 
25.942000 1006.016116 
25.984000 1006.044985 
26.025000 1006.063178 
26.067000 1006.092950 
26.109000 1006.123315 
26.150000 1006.146244 
26.192000 1006.177466 
26.234000 1006.211302 
26.275000 1006.239611 
26.317000 1006.274663 
26.359000 1006.294066 
26.400000 1006.332326 
26.442000 1006.366446 
26.484000 1006.406567 
26.525000 1006.435817 
26.567000 1006.480434 
26.609000 1006.533519 
26.650000 1006.568178 
26.692000 1006.619244 
26.734000 1006.683621 
26.775000 1006.755600 
26.817000 1006.821924 
26.859000 1006.878499 
26.900000 1006.949510 
26.942000 1007.027045 
26.984000 1007.104575 
27.025000 1007.179671 
27.067000 1007.249607 
27.109000 1007.343231 
27.150000 1007.436319 
27.192000 1007.525322 
27.234000 1007.653897 
27.275000 1007.773502 
27.317000 1007.905144 
27.359000 1008.044539 
27.400000 1008.194077 
27.442000 1008.346690 
27.484000 1008.558573 
27.525000 1008.702090 
27.567000 1008.857341 
27.609000 1009.044290 
27.650000 1009.154207 
27.692000 1009.288764 
27.734000 1009.451364 
27.775000 1009.649239 
27.817000 1009.898814 
27.859000 1010.113048 
27.900000 1010.302421 
27.942000 1010.502492 
27.984000 1010.691047 
28.025000 1010.857088 
28.067000 1011.052891 
28.109000 1011.277801 
28.150000 1011.437762 
28.192000 1011.641917 
28.234000 1011.850707 
28.275000 1012.081586 
28.317000 1012.298379 
28.359000 1012.498708 
28.400000 1012.702131 
28.442000 1012.918703 
28.484000 1013.125624 
28.525000 1013.325825 
28.567000 1013.526224 
28.609000 1013.702431 
28.650000 1013.872190 
28.692000 1014.064275 
28.734000 1014.192056 
28.775000 1014.349323 
28.817000 1014.481901 
28.859000 1014.597179 
28.900000 1014.688650 
28.942000 1014.803388 
28.984000 1014.955118 
29.025000 1015.137553 
29.067000 1015.329689 
29.109000 1015.487418 
29.150000 1015.638412 
29.192000 1015.760803 
29.234000 1015.915866 
29.275000 1016.110511 
29.317000 1016.226491 
29.359000 1016.348429 
29.400000 1016.436709 
29.442000 1016.606514 
29.484000 1016.701285 
29.525000 1016.848670 
29.567000 1017.006111 
29.608000 1017.118170 
29.650000 1017.202823 
29.692000 1017.306233 
29.733000 1017.377221 
29.775000 1017.459167 
29.817000 1017.559260 
29.859000 1017.654701 
29.900000 1017.774845 
29.942000 1017.890192 
29.984000 1017.957345 
30.025000 1018.070332 
30.067000 1018.173553 
30.108000 1018.207996 
30.150000 1018.334200 
30.192000 1018.435055 
30.234000 1018.509765 
30.275000 1018.587638 
30.317000 1018.672318 
30.358000 1018.695224 
30.400000 1018.842075 
30.442000 1018.892008 
30.484000 1018.906110 
30.525000 1018.925128 
30.567000 1018.985553 
30.609000 1019.106302 
30.650000 1019.132750 
30.692000 1019.231523 
30.733000 1019.463196 
30.775000 1019.515655 
30.817000 1019.637538 
30.858000 1019.717216 
30.900000 1019.742651 
30.942000 1019.936691 
30.983000 1019.982987 
31.025000 1020.073738 
31.067000 1020.194222 
31.108000 1020.303353 
31.150000 1020.365345 
31.192000 1020.459890 
31.233000 1020.570998 
31.275000 1020.684612 
31.317000 1020.776791 
31.358000 1020.912507 
31.400000 1021.035827 
31.442000 1021.122543 
31.483000 1021.244463 
31.525000 1021.273273 
31.567000 1021.511217 
31.608000 1021.582593 
31.650000 1021.606713 
31.692000 1021.720838 
31.734000 1021.836721 
31.775000 1021.895908 
31.817000 1022.125998 
31.858000 1022.236674 
31.900000 1022.214189 
31.942000 1022.235246 
31.983000 1022.318223 
32.025000 1022.387034 
32.067000 1022.483580 
32.108000 1022.580379 
32.150000 1022.644680 
32.192000 1022.727191 
32.233000 1022.776883 
32.275000 1022.852841 
32.317000 1022.992269 
32.358000 1022.969035 
32.400000 1023.018420 
32.442000 1023.253099 
32.483000 1023.422444 
32.525000 1023.574750 
32.567000 1023.805394 
32.608000 1023.812150 
32.650000 1023.937547 
32.692000 1024.164870 
32.733000 1024.350266 
32.775000 1024.493712 
32.817000 1024.690095 
32.858000 1024.678988 
32.900000 1024.801104 
32.942000 1024.991308 
32.983000 1024.988721 
33.025000 1025.074960 
33.067000 1025.186367 
33.108000 1025.245399 
33.150000 1025.277422 
33.192000 1025.393840 
33.233000 1025.623493 
33.275000 1025.624681 
33.317000 1025.615396 
33.358000 1025.734386 
33.400000 1025.929115 
33.442000 1026.013059 
33.483000 1026.175707 
33.525000 1026.332631 
33.567000 1026.448844 
33.608000 1026.477166 
33.650000 1026.533560 
33.692000 1026.625023 
33.733000 1026.594173 
33.775000 1026.569760 
33.817000 1026.656709 
33.858000 1026.887879 
33.900000 1026.832420 
33.942000 1026.981285 
33.983000 1027.128609 
34.025000 1027.145587 
34.067000 1027.085763 
34.108000 1027.108951 
34.150000 1027.413309 
34.192000 1027.483292 
34.233000 1027.580741 
34.275000 1027.918442 
34.317000 1027.960432 
34.358000 1027.844883 
34.400000 1027.786223 
34.442000 1027.869652 
34.483000 1028.102074 
34.525000 1028.346177 
34.567000 1028.504377 
34.608000 1028.583359 
34.650000 1028.641397 
34.692000 1028.601988 
34.733000 1028.788900 
34.775000 1028.961407 
34.817000 1029.019342 
34.858000 1028.977029 
34.900000 1029.054064 
34.942000 1029.312978 
34.983000 1029.475418 
35.025000 1029.588176 
35.066000 1029.656297 
35.108000 1029.755977 
35.150000 1029.817553 
35.192000 1029.944847 
35.233000 1030.085563 
35.275000 1030.313385 
35.317000 1030.686640 
35.358000 1030.899449 
35.400000 1031.006861 
35.441000 1031.016844 
35.483000 1030.811652 
35.525000 1030.834648 
35.567000 1031.105063 
35.608000 1031.432499 
35.650000 1031.848650 
35.692000 1032.084311 
35.733000 1032.152556 
35.775000 1032.093152 
35.817000 1031.947688 
35.858000 1032.023671 
35.900000 1032.130297 
35.942000 1032.224939 
35.983000 1032.365116 
36.025000 1032.441750 
36.067000 1032.564164 
36.108000 1032.697060 
36.150000 1032.542273 
36.192000 1032.433818 
36.233000 1032.505217 
36.275000 1032.427580 
36.317000 1032.387326 
36.358000 1032.522536 
36.400000 1032.571956 
36.442000 1032.414084 
36.483000 1032.533023 
36.525000 1032.634448 
36.567000 1032.770793 
36.608000 1032.874101 
36.650000 1032.965055 
36.692000 1033.117766 
36.733000 1033.269245 
36.775000 1033.417826 
36.817000 1033.475572 
36.858000 1033.689885 
36.900000 1033.819663 
36.942000 1033.953014 
36.983000 1034.035725 
37.025000 1034.124376 
37.067000 1034.252019 
37.108000 1034.287233 
37.150000 1034.307679 
37.192000 1034.089021 
37.233000 1034.056442 
37.275000 1034.180761 
37.317000 1034.536657 
37.358000 1034.702869 
37.400000 1034.928147 
37.442000 1035.103984 
37.483000 1034.995504 
37.525000 1035.109120 
37.567000 1035.025718 
37.608000 1034.912917 
37.650000 1035.097015 
37.692000 1035.227630 
37.733000 1035.247250 
37.775000 1035.358258 
37.816000 1035.510593 
37.858000 1035.492789 
37.900000 1035.476422 
37.942000 1035.790038 
37.983000 1035.967867 
38.025000 1036.125552 
38.067000 1036.288418 
38.108000 1036.465102 
38.150000 1036.651125 
38.192000 1036.832422 
38.233000 1036.924256 
38.275000 1037.090045 
38.317000 1037.148634 
38.358000 1037.169137 
38.400000 1037.153978 
38.442000 1037.160226 
38.483000 1037.316412 
38.525000 1037.423161 
38.567000 1037.600854 
38.608000 1037.844889 
38.650000 1038.027833 
38.692000 1038.055558 
38.733000 1037.977426 
38.775000 1038.194183 
38.817000 1038.399705 
38.858000 1038.475688 
38.900000 1038.356735 
38.942000 1038.357196 
38.983000 1038.435865 
39.025000 1038.772392 
39.067000 1038.876486 
39.108000 1038.901767 
39.150000 1038.884487 
39.192000 1039.079607 
39.233000 1039.209345 
39.275000 1039.360878 
39.317000 1039.321355 
39.358000 1039.351694 
39.400000 1039.355373 
39.442000 1039.382949 
39.483000 1039.423814 
39.525000 1039.568448 
39.567000 1039.680812 
39.608000 1039.803560 
39.650000 1039.973911 
39.692000 1040.154129 
39.733000 1040.421171 
39.775000 1040.652953 
39.817000 1040.581844 
39.858000 1040.671170 
39.900000 1040.818669 
39.942000 1041.021516 
39.983000 1041.289033 
40.025000 1041.363438 
40.067000 1041.335178 
40.108000 1041.499759 
40.150000 1041.739166 
40.192000 1041.919334 
40.233000 1041.980014 
40.275000 1042.077518 
40.317000 1042.179836 
40.358000 1042.394559 
40.400000 1042.448255 
40.442000 1042.375546 
40.483000 1042.512442 
40.525000 1042.599235 
40.567000 1042.558008 
40.608000 1042.613425 
40.650000 1042.654742 
40.692000 1042.799904 
40.733000 1042.977029 
40.775000 1043.153824 
40.817000 1043.071316 
40.858000 1042.869208 
40.900000 1043.058860 
40.942000 1043.404111 
40.983000 1043.638770 
41.025000 1043.499614 
41.067000 1043.527885 
41.108000 1043.599048 
41.150000 1043.665844 
41.192000 1043.750440 
41.233000 1043.874089 
41.275000 1044.038267 
41.317000 1044.207793 
41.358000 1044.391273 
41.400000 1044.625451 
41.442000 1044.590512 
41.483000 1044.495363 
41.525000 1044.508588 
41.567000 1044.609978 
41.608000 1044.829690 
41.650000 1045.329582 
41.692000 1045.586140 
41.733000 1045.565944 
41.775000 1045.230812 
41.817000 1045.036470 
41.858000 1045.126436 
41.900000 1045.549422 
41.941000 1045.778917 
41.983000 1045.748616 
42.025000 1045.611363 
42.067000 1045.905068 
42.108000 1046.129841 
42.150000 1046.172111 
42.192000 1046.305908 
42.233000 1046.480111 
42.275000 1046.606427 
42.317000 1046.728858 
42.358000 1046.824435 
42.400000 1047.071872 
42.442000 1047.057372 
42.483000 1047.032147 
42.525000 1046.978474 
42.567000 1047.085091 
42.608000 1047.139627 
42.650000 1047.331169 
42.692000 1047.423758 
42.733000 1047.457657 
42.775000 1047.692151 
42.817000 1047.759880 
42.858000 1047.895125 
42.900000 1048.022396 
42.942000 1048.195678 
42.983000 1048.293144 
43.025000 1048.408650 
43.067000 1048.551628 
43.108000 1048.689488 
43.150000 1048.883353 
43.192000 1048.978841 
43.233000 1049.067493 
43.275000 1049.203821 
43.317000 1049.387475 
43.358000 1049.524934 
43.400000 1049.729565 
43.442000 1049.765253 
43.483000 1049.861811 
43.525000 1049.976995 
43.567000 1050.132124 
43.608000 1050.156457 
43.650000 1050.172004 
43.692000 1050.330310 
43.733000 1050.392760 
43.775000 1050.497396 
43.817000 1050.700654 
43.858000 1050.933498 
43.900000 1051.251396 
43.942000 1051.385750 
43.983000 1051.340892 
44.025000 1051.447987 
44.067000 1051.509089 
44.108000 1051.583275 
44.150000 1051.631965 
44.192000 1051.592417 
44.233000 1051.598424 
44.275000 1051.370484 
44.317000 1051.331447 
44.358000 1051.550228 
44.400000 1051.444926 
44.442000 1051.286497 
44.483000 1051.352020 
44.525000 1051.630250 
44.567000 1051.953915 
44.608000 1052.113243 
44.650000 1052.115235 
44.692000 1052.326557 
44.733000 1052.299452 
44.775000 1052.283459 
44.817000 1052.572836 
44.858000 1052.668425 
44.900000 1052.743782 
44.942000 1052.892910 
44.983000 1053.087383 
45.025000 1053.372464 
45.067000 1053.470112 
45.108000 1053.625770 
45.150000 1053.810806 
45.192000 1054.035076 
45.233000 1053.978031 
45.275000 1054.141652 
45.317000 1054.509072 
45.358000 1054.574720 
45.400000 1054.760449 
45.442000 1054.943051 
45.483000 1054.965836 
45.525000 1054.980529 
45.567000 1055.043521 
45.608000 1055.310824 
45.650000 1055.554576 
45.692000 1055.571275 
45.733000 1055.616905 
45.775000 1055.694134 
45.817000 1055.796788 
45.858000 1055.867968 
45.900000 1056.004567 
45.942000 1056.080061 
45.983000 1056.186789 
46.025000 1056.214493 
46.067000 1056.271726 
46.108000 1056.400592 
46.150000 1056.558709 
46.192000 1056.710198 
46.233000 1056.609929 
46.275000 1056.576238 
46.317000 1056.830077 
46.358000 1057.154802 
46.400000 1057.383339 
46.442000 1057.493745 
46.483000 1057.482987 
46.525000 1057.476192 
46.567000 1057.426281 
46.608000 1057.742262 
46.650000 1057.996502 
46.691000 1058.102021 
46.733000 1058.152070 
46.775000 1058.150368 
46.816000 1058.244036 
46.858000 1058.201299 
46.900000 1058.234454 
46.942000 1058.531215 
46.983000 1058.699950 
47.025000 1058.860875 
47.067000 1058.916358 
47.108000 1058.980800 
47.150000 1059.090443 
47.192000 1059.088302 
47.233000 1059.150514 
47.275000 1059.246084 
47.317000 1059.253396 
47.358000 1059.310759 
47.400000 1059.390073 
47.442000 1059.520211 
47.483000 1059.485423 
47.525000 1059.597940 
47.567000 1059.694620 
47.608000 1059.767839 
47.650000 1059.929927 
47.692000 1059.873288 
47.733000 1059.806895 
47.775000 1059.882457 
47.817000 1060.046215 
47.858000 1060.329257 
47.900000 1060.617073 
47.942000 1060.841654 
47.983000 1061.102148 
48.025000 1061.345970 
48.067000 1061.257859 
48.108000 1061.177233 
48.150000 1061.226791 
48.192000 1061.401020 
48.233000 1061.558400 
48.275000 1061.741078 
48.317000 1062.000184 
48.358000 1062.092872 
48.400000 1062.273630 
48.442000 1062.369795 
48.483000 1062.398425 
48.525000 1062.383956 
48.567000 1062.633978 
48.608000 1062.758392 
48.650000 1062.878235 
48.691000 1062.986202 
48.733000 1062.898884 
48.775000 1063.211183 
48.817000 1063.179238 
48.858000 1063.551568 
48.900000 1063.626051 
48.942000 1063.991741 
48.983000 1064.023108 
49.025000 1064.228773 
49.067000 1064.342625 
49.108000 1064.414060 
49.150000 1064.522926 
49.192000 1064.613952 
49.233000 1064.685536 
49.275000 1064.787859 
49.317000 1064.851754 
49.358000 1064.935311 
49.400000 1064.981783 
49.442000 1065.027776 
49.483000 1065.136719 
49.525000 1065.255266 
49.567000 1065.301383 
49.608000 1065.370870 
49.650000 1065.362454 
49.692000 1065.416225 
49.733000 1065.503875 
49.775000 1065.824404 
49.817000 1065.823889 
49.858000 1065.875734 
49.900000 1066.113716 
49.942000 1066.347231 
49.983000 1066.449223 
50.025000 1066.451529 
50.067000 1066.471331 
50.108000 1066.773231 
50.150000 1066.856135 
50.192000 1066.922695 
50.233000 1067.012202 
50.275000 1067.088426 
50.317000 1067.189577 
50.358000 1067.314468 
50.400000 1067.376859 
50.442000 1067.527374 
50.483000 1067.576696 
50.525000 1067.616554 
50.567000 1067.770528 
50.608000 1068.094442 
50.650000 1067.963202 
50.692000 1068.003327 
50.733000 1068.056592 
50.775000 1068.287128 
50.817000 1068.351641 
50.858000 1068.385925 
50.900000 1068.628737 
50.942000 1068.766105 
50.983000 1069.049106 
51.025000 1069.049817 
51.067000 1069.184179 
51.108000 1069.323913 
51.150000 1069.388174 
51.192000 1069.424276 
51.233000 1069.500345 
51.275000 1069.568766 
51.317000 1069.640521 
51.358000 1069.837290 
51.400000 1070.050860 
51.442000 1070.174978 
51.483000 1070.226416 
51.525000 1070.454618 
51.567000 1070.563995 
51.608000 1070.531609 
51.650000 1070.730122 
51.692000 1070.737572 
51.733000 1070.728426 
51.775000 1070.930298 
51.817000 1071.230629 
51.858000 1071.484642 
51.900000 1071.337503 
51.942000 1071.365228 
51.983000 1071.549703 
52.025000 1071.711573 
52.067000 1071.888513 
52.108000 1071.961941 
52.150000 1072.056004 
52.192000 1071.981117 
52.233000 1072.029689 
52.275000 1072.041528 
52.317000 1072.153833 
52.358000 1072.282946 
52.400000 1072.427980 
52.442000 1072.396345 
52.483000 1072.701712 
52.525000 1073.001459 
52.566000 1073.128159 
52.608000 1073.237652 
52.650000 1073.207329 
52.692000 1073.134876 
52.733000 1073.237989 
52.775000 1073.801525 
52.816000 1073.974928 
52.858000 1073.999944 
52.900000 1074.284535 
52.941000 1074.499073 
52.983000 1074.515739 
53.025000 1074.540909 
53.066000 1074.474280 
53.108000 1074.439263 
53.150000 1074.711624 
53.192000 1074.868020 
53.233000 1075.038291 
53.275000 1075.301476 
53.316000 1075.461209 
53.358000 1075.586158 
53.400000 1075.633879 
53.441000 1075.647931 
53.483000 1075.598974 
53.525000 1075.586474 
53.567000 1075.648026 
53.608000 1075.850627 
53.650000 1075.915603 
53.691000 1076.176220 
53.733000 1076.222227 
53.775000 1076.084435 
53.817000 1076.247399 
53.858000 1076.351553 
53.900000 1076.360206 
53.942000 1076.659467 
53.983000 1077.056936 
54.025000 1077.122834 
54.067000 1076.994814 
54.108000 1077.066155 
54.150000 1077.077441 
54.192000 1077.155821 
54.233000 1077.305319 
54.275000 1077.500855 
54.317000 1077.613916 
54.358000 1077.692761 
54.400000 1077.797953 
54.442000 1078.036877 
54.483000 1078.228481 
54.525000 1078.237435 
54.567000 1078.454385 
54.608000 1078.517478 
54.650000 1078.541250 
54.692000 1078.792153 
54.733000 1079.021419 
54.775000 1079.109725 
54.817000 1078.978595 
54.858000 1079.014191 
54.900000 1079.538873 
54.942000 1079.609266 
54.983000 1079.890795 
55.025000 1080.067720 
55.067000 1080.049084 
55.108000 1080.161229 
55.150000 1080.549436 
55.192000 1080.632971 
55.233000 1080.666049 
55.275000 1080.599303 
55.317000 1080.559656 
55.358000 1080.516365 
55.400000 1080.371713 
55.442000 1080.504693 
55.483000 1080.708288 
55.525000 1080.720567 
55.567000 1080.959195 
55.608000 1081.257928 
55.650000 1081.267734 
55.692000 1081.399984 
55.733000 1081.596396 
55.775000 1081.451019 
55.817000 1081.416586 
55.858000 1081.628136 
55.900000 1081.778633 
55.942000 1081.975665 
55.983000 1081.966480 
56.025000 1082.074964 
56.067000 1082.296587 
56.108000 1082.326985 
56.150000 1082.303997 
56.192000 1082.459668 
56.233000 1082.811314 
56.275000 1082.700040 
56.316000 1082.849430 
56.358000 1082.891692 
56.400000 1083.055938 
56.441000 1083.196987 
56.483000 1083.381449 
56.525000 1083.628032 
56.566000 1083.873924 
56.608000 1084.011142 
56.650000 1084.068922 
56.692000 1084.165636 
56.733000 1084.374658 
56.775000 1084.418527 
56.817000 1084.509187 
56.858000 1084.664220 
56.900000 1084.772945 
56.942000 1084.966641 
56.983000 1085.193715 
57.025000 1085.273393 
57.067000 1085.570853 
57.108000 1085.792032 
57.150000 1085.921173 
57.191000 1085.739286 
57.233000 1085.740837 
57.275000 1085.821323 
57.317000 1085.917487 
57.358000 1086.134574 
57.400000 1086.222463 
57.442000 1086.426099 
57.483000 1086.553798 
57.525000 1086.795160 
57.567000 1086.975435 
57.608000 1087.138508 
57.650000 1087.215754 
57.692000 1087.268829 
57.733000 1087.429816 
57.775000 1087.376767 
57.817000 1087.542787 
57.858000 1087.686608 
57.900000 1087.916734 
57.942000 1088.033342 
57.983000 1088.166664 
58.025000 1088.248500 
58.067000 1088.463508 
58.108000 1088.609425 
58.150000 1088.764340 
58.192000 1088.851380 
58.233000 1088.867115 
58.275000 1089.017995 
58.317000 1089.108545 
58.358000 1089.009732 
58.400000 1089.147349 
58.442000 1089.244050 
58.483000 1089.166721 
58.525000 1089.443053 
58.567000 1089.553132 
58.608000 1089.634747 
58.650000 1089.719171 
58.692000 1089.779283 
58.733000 1089.957144 
58.775000 1090.058467 
58.817000 1090.174725 
58.858000 1090.287244 
58.900000 1090.439720 
58.942000 1090.536441 
58.983000 1090.603380 
59.025000 1090.731143 
59.067000 1090.851257 
59.108000 1091.094995 
59.150000 1091.321025 
59.192000 1091.505361 
59.233000 1091.643757 
59.275000 1091.705628 
59.317000 1091.751452 
59.358000 1091.846331 
59.400000 1091.905358 
59.442000 1091.896513 
59.483000 1091.960494 
59.525000 1092.170538 
59.567000 1092.208481 
59.608000 1092.394023 
59.650000 1092.404908 
59.692000 1092.471799 
59.733000 1092.523030 
59.775000 1092.562696 
59.817000 1092.855197 
59.858000 1093.230291 
59.900000 1093.372925 
59.942000 1093.465024 
59.983000 1093.427472 
60.025000 1093.617627 
60.067000 1093.856516 
60.108000 1094.010129 
60.150000 1094.338102 
60.192000 1094.295230 
60.233000 1094.512149 
60.275000 1094.535001 
60.317000 1094.712276 
60.358000 1094.795756 
60.400000 1094.858322 
60.442000 1094.894319 
60.483000 1095.047613 
60.525000 1095.062293 
60.567000 1095.169137 
60.608000 1095.373278 
60.650000 1095.490978 
60.692000 1095.723238 
60.733000 1095.872748 
60.775000 1095.867223 
60.817000 1095.938208 
60.858000 1096.006024 
60.900000 1096.020701 
60.942000 1096.218491 
60.983000 1096.318660 
61.025000 1096.500111 
61.067000 1096.676309 
61.108000 1096.789545 
61.150000 1097.013745 
61.191000 1097.144619 
61.233000 1096.995345 
61.275000 1096.887213 
61.316000 1097.049807 
61.358000 1097.348282 
61.400000 1097.603685 
61.442000 1097.903377 
61.483000 1098.161132 
61.525000 1098.360476 
61.567000 1098.487201 
61.608000 1098.814452 
61.650000 1098.991978 
61.692000 1099.098557 
61.733000 1099.152129 
61.775000 1099.340547 
61.817000 1099.356016 
61.858000 1099.479717 
61.900000 1099.515613 
61.942000 1099.643546 
61.983000 1099.782773 
62.025000 1099.951403 
62.067000 1100.109399 
62.108000 1100.296296 
62.150000 1100.378568 
62.192000 1100.678021 
62.233000 1100.845285 
62.275000 1100.914424 
62.317000 1101.045441 
62.358000 1101.186406 
62.400000 1101.413848 
62.442000 1101.538486 
62.483000 1101.579103 
62.525000 1101.640579 
62.567000 1101.660011 
62.608000 1101.667820 
62.650000 1101.661122 
62.692000 1101.809381 
62.733000 1101.967557 
62.775000 1102.053768 
62.817000 1102.216436 
62.858000 1102.474424 
62.900000 1102.381606 
62.942000 1102.417050 
62.983000 1102.692309 
63.025000 1102.843254 
63.067000 1102.924396 
63.108000 1102.932878 
63.150000 1103.024158 
63.192000 1103.214506 
63.233000 1103.318909 
63.275000 1103.376025 
63.317000 1103.517379 
63.358000 1103.711513 
63.400000 1103.912594 
63.442000 1103.803172 
63.483000 1104.097910 
63.525000 1104.026060 
63.566000 1104.237954 
63.608000 1104.186990 
63.650000 1104.094145 
63.692000 1104.244949 
63.733000 1104.385418 
63.775000 1104.575955 
63.817000 1104.840773 
63.858000 1105.070416 
63.900000 1105.388401 
63.942000 1105.615547 
63.983000 1105.699762 
64.025000 1105.621074 
64.067000 1105.732605 
64.108000 1105.985121 
64.150000 1106.143242 
64.192000 1106.263533 
64.233000 1106.437048 
64.275000 1106.454743 
64.317000 1106.655790 
64.358000 1106.586654 
64.400000 1106.492650 
64.442000 1106.716520 
64.483000 1107.080605 
64.525000 1107.120538 
64.567000 1106.936039 
64.608000 1106.981123 
64.650000 1107.001659 
64.692000 1106.933077 
64.733000 1107.158207 
64.775000 1107.210078 
64.817000 1107.251919 
64.858000 1107.508524 
64.900000 1107.860347 
64.942000 1108.015263 
64.983000 1108.247072 
65.025000 1108.322058 
65.067000 1108.509774 
65.108000 1108.668852 
65.150000 1108.800822 
65.193000 1109.185724 
65.235000 1109.187340 
65.276000 1109.300567 
65.318000 1109.522172 
65.360000 1109.644706 
65.402000 1109.835735 
65.450000 1110.140560 
65.492000 1110.463295 
65.533000 1110.610922 
65.575000 1110.773223 
65.617000 1110.908304 
65.658000 1111.048126 
65.700000 1111.291813 
65.742000 1111.530668 
65.785000 1111.392020 
65.827000 1111.330990 
65.868000 1111.603035 
65.910000 1111.819906 
65.952000 1112.051907 
65.993000 1112.145186 
66.035000 1112.163214 
66.077000 1112.137479 
66.118000 1112.194692 
66.167000 1112.165503 
66.208000 1112.579292 
66.252000 1112.558053 
66.300000 1112.582652 
66.342000 1112.708442 
66.383000 1112.810501 
66.425000 1112.786031 
66.467000 1112.951774 
66.510000 1113.226067 
66.558000 1113.518877 
66.600000 1113.618439 
66.643000 1113.834517 
66.685000 1113.960798 
66.735000 1114.030659 
66.777000 1114.069372 
66.818000 1114.204879 
66.860000 1114.254362 
66.902000 1114.259489 
66.950000 1114.450401 
66.993000 1114.651929 
67.042000 1114.832559 
67.083000 1114.807803 
67.127000 1115.187247 
67.168000 1115.179690 
67.210000 1115.004330 
67.252000 1115.276554 
67.293000 1115.527346 
67.335000 1115.503563 
67.376000 1115.492238 
67.418000 1115.620987 
67.460000 1115.756175 
67.502000 1116.058957 
67.543000 1116.237198 
67.585000 1116.402324 
67.627000 1116.492529 
67.668000 1116.710531 
67.710000 1116.808837 
67.752000 1116.988368 
67.793000 1117.224889 
67.835000 1117.387457 
67.877000 1117.299172 
67.918000 1117.475717 
67.960000 1117.602788 
68.002000 1117.775258 
68.043000 1117.787324 
68.085000 1117.746733 
68.127000 1117.891387 
68.168000 1118.052068 
68.210000 1118.117865 
68.252000 1118.119939 
68.302000 1118.186418 
68.343000 1118.306902 
68.385000 1118.508300 
68.427000 1118.685310 
68.468000 1118.928428 
68.510000 1119.069152 
68.552000 1119.119451 
68.593000 1119.218248 
68.635000 1119.296710 
68.677000 1119.557458 
68.718000 1119.685729 
68.760000 1119.927801 
68.802000 1119.971444 
68.843000 1119.975630 
68.885000 1120.056710 
68.927000 1120.530840 
68.968000 1120.763983 
69.010000 1121.024706 
69.052000 1121.118083 
69.093000 1121.003804 
69.135000 1120.935757 
69.177000 1121.022116 
69.218000 1121.481441 
69.260000 1121.647004 
69.302000 1121.686436 
69.343000 1121.695624 
69.385000 1121.683210 
69.427000 1121.672829 
69.468000 1121.815083 
69.510000 1121.974373 
69.560000 1122.222550 
69.608000 1122.375230 
69.650000 1122.447341 
69.692000 1122.657434 
69.733000 1122.916175 
69.775000 1123.035182 
69.817000 1123.178138 
69.858000 1123.288108 
69.900000 1123.505095 
69.942000 1123.590781 
69.983000 1123.871583 
70.026000 1124.064551 
70.068000 1123.894171 
70.110000 1123.915485 
70.152000 1124.362824 
70.193000 1124.590692 
70.235000 1124.793868 
70.277000 1124.887646 
70.318000 1124.894945 
70.360000 1125.044984 
70.402000 1125.262668 
70.443000 1125.495738 
70.485000 1125.601211 
70.527000 1125.706507 
70.568000 1125.855453 
70.610000 1125.978502 
70.652000 1126.080463 
70.693000 1126.258136 
70.735000 1126.530190 
70.777000 1126.689901 
70.818000 1126.658787 
70.860000 1126.662703 
70.902000 1126.861163 
70.943000 1126.760025 
70.985000 1127.049135 
71.027000 1127.161321 
71.068000 1127.301848 
71.110000 1127.376629 
71.152000 1127.513301 
71.193000 1127.694018 
71.235000 1127.906375 
71.277000 1128.019542 
71.318000 1128.140344 
71.360000 1128.100753 
71.402000 1128.008255 
71.443000 1128.041302 
71.485000 1128.233572 
71.527000 1128.588625 
71.568000 1128.701415 
71.610000 1128.838164 
71.652000 1128.903255 
71.693000 1129.093301 
71.735000 1129.276911 
71.777000 1129.480030 
71.818000 1129.662198 
71.860000 1129.947668 
71.902000 1129.980330 
71.943000 1130.120487 
71.985000 1130.261865 
72.027000 1130.346108 
72.068000 1130.521499 
72.110000 1130.724261 
72.152000 1130.813541 
72.193000 1131.072378 
72.235000 1131.309857 
72.277000 1131.509458 
72.318000 1131.586219 
72.360000 1131.683414 
72.402000 1131.905077 
72.443000 1132.093020 
72.485000 1132.320646 
72.527000 1132.661700 
72.568000 1132.741828 
72.610000 1132.766075 
72.652000 1132.786562 
72.693000 1132.990263 
72.735000 1133.094226 
72.777000 1133.237303 
72.818000 1133.299275 
72.860000 1133.474383 
72.902000 1133.559290 
72.943000 1133.773627 
72.985000 1134.010117 
73.027000 1134.181871 
73.068000 1134.412603 
73.110000 1134.543333 
73.152000 1134.694477 
73.193000 1134.871918 
73.235000 1134.959506 
73.277000 1135.090685 
73.318000 1135.028713 
73.360000 1135.196016 
73.402000 1135.324965 
73.443000 1135.404654 
73.485000 1135.449292 
73.527000 1135.528942 
73.568000 1135.630218 
73.610000 1135.735999 
73.652000 1135.931805 
73.693000 1135.966832 
73.735000 1136.286613 
73.777000 1136.727807 
73.818000 1137.102637 
73.860000 1137.326611 
73.902000 1137.372879 
73.943000 1137.357018 
73.985000 1137.560038 
74.027000 1137.744911 
74.068000 1137.941065 
74.110000 1138.140704 
74.152000 1138.289159 
74.193000 1138.399732 
74.235000 1138.512656 
74.277000 1138.479036 
74.318000 1138.697779 
74.360000 1138.802321 
74.402000 1138.926656 
74.443000 1139.044254 
74.485000 1139.171367 
74.527000 1139.297221 
74.568000 1139.619157 
74.610000 1139.470031 
74.652000 1139.749105 
74.693000 1139.707962 
74.735000 1140.225454 
74.777000 1140.228487 
74.818000 1140.380432 
74.860000 1140.580494 
74.902000 1140.532032 
74.943000 1140.619423 
74.985000 1140.730388 
75.027000 1140.992666 
75.068000 1141.135886 
75.110000 1141.318468 
75.152000 1141.367300 
75.193000 1141.499821 
75.235000 1141.673545 
75.277000 1141.905120 
75.318000 1142.008371 
75.360000 1142.223473 
75.402000 1142.326776 
75.443000 1142.452249 
75.485000 1142.530873 
75.527000 1142.664788 
75.568000 1142.753359 
75.610000 1142.933600 
75.652000 1143.068504 
75.693000 1143.146225 
75.735000 1143.458559 
75.777000 1143.920445 
75.818000 1144.445846 
75.860000 1144.543843 
75.902000 1144.636301 
75.943000 1144.837936 
75.985000 1144.843978 
76.027000 1144.957616 
76.068000 1145.217018 
76.110000 1145.386818 
76.152000 1145.446259 
76.193000 1145.629044 
76.235000 1145.729507 
76.277000 1145.728003 
76.318000 1145.840441 
76.360000 1145.977759 
76.402000 1146.039106 
76.443000 1146.217639 
76.485000 1146.423119 
76.527000 1146.652008 
76.568000 1146.785953 
76.610000 1146.895777 
76.652000 1147.116317 
76.693000 1147.411415 
76.735000 1147.741594 
76.777000 1148.070278 
76.818000 1148.273946 
76.860000 1148.257961 
76.902000 1148.487271 
76.943000 1148.802432 
76.985000 1148.833618 
77.027000 1148.859312 
77.068000 1148.956875 
77.110000 1149.068564 
77.152000 1149.155587 
77.193000 1149.273939 
77.235000 1149.561131 
77.277000 1149.657072 
77.318000 1149.904181 
77.360000 1150.128542 
77.402000 1150.252628 
77.443000 1150.420932 
77.485000 1150.611351 
77.527000 1150.924206 
77.568000 1151.058081 
77.610000 1151.175114 
77.652000 1151.331723 
77.693000 1151.648961 
77.735000 1151.846496 
77.777000 1152.034448 
77.818000 1152.117460 
77.860000 1152.233275 
77.902000 1152.289371 
77.943000 1152.417467 
77.985000 1152.504340 
78.027000 1152.803159 
78.068000 1153.010647 
78.110000 1153.073577 
78.152000 1153.208739 
78.193000 1153.501444 
78.235000 1153.675432 
78.277000 1153.675621 
78.318000 1154.015415 
78.360000 1154.091015 
78.402000 1154.410390 
78.443000 1154.492001 
78.485000 1154.669213 
78.527000 1154.862559 
78.568000 1154.958981 
78.610000 1155.131694 
78.652000 1155.270257 
78.693000 1155.445799 
78.735000 1155.558457 
78.777000 1155.642588 
78.818000 1155.775231 
78.860000 1155.915612 
78.902000 1156.015569 
78.943000 1156.252277 
78.985000 1156.625937 
79.027000 1156.620093 
79.068000 1157.104160 
79.110000 1157.503319 
79.152000 1157.729087 
79.193000 1157.926433 
79.235000 1158.183870 
79.277000 1158.328647 
79.318000 1158.808540 
79.360000 1158.794256 
79.402000 1158.627391 
79.443000 1158.785482 
79.485000 1159.422808 
79.527000 1159.511172 
79.568000 1159.527813 
79.610000 1159.548416 
79.652000 1159.629665 
79.693000 1159.771643 
79.735000 1159.941080 
79.777000 1160.091974 
79.818000 1160.381418 
79.860000 1160.614131 
79.902000 1160.762895 
79.943000 1160.868246 
79.985000 1161.044019 
80.027000 1161.039254 
80.068000 1161.073794 
80.110000 1161.414172 
80.152000 1161.865289 
80.193000 1162.017507 
80.235000 1161.982272 
80.277000 1162.220581 
80.318000 1162.447161 
80.360000 1162.519091 
80.402000 1162.705622 
80.443000 1162.737755 
80.485000 1162.810183 
80.527000 1163.167403 
80.568000 1163.401512 
80.610000 1163.642216 
80.652000 1163.827711 
80.693000 1163.957320 
80.735000 1164.154078 
80.777000 1164.432157 
80.818000 1164.545178 
80.860000 1164.801878 
80.902000 1165.045048 
80.943000 1165.450086 
80.985000 1165.701172 
81.027000 1165.971913 
81.068000 1166.116487 
81.110000 1166.415292 
81.152000 1166.596978 
81.193000 1166.438826 
81.235000 1166.504239 
81.277000 1166.752763 
81.318000 1167.390990 
81.360000 1167.608012 
81.402000 1167.739593 
81.443000 1167.849646 
81.485000 1168.119942 
81.527000 1168.253484 
81.568000 1168.693683 
81.610000 1168.817809 
81.652000 1168.727362 
81.693000 1168.748655 
81.735000 1168.832003 
81.777000 1169.114942 
81.818000 1169.445116 
81.860000 1170.090384 
81.902000 1170.447158 
81.943000 1170.724734 
81.985000 1170.712571 
82.027000 1170.705495 
82.068000 1170.650286 
82.110000 1170.648063 
82.152000 1170.787608 
82.193000 1170.933993 
82.235000 1171.131154 
82.277000 1171.238728 
82.318000 1171.614188 
82.360000 1171.905177 
82.402000 1172.096905 
82.443000 1172.456981 
82.485000 1172.567355 
82.527000 1172.709212 
82.568000 1173.054039 
82.610000 1173.308241 
82.652000 1173.529387 
82.693000 1173.787583 
82.735000 1173.958391 
82.777000 1174.215560 
82.818000 1174.591502 
82.860000 1174.785582 
82.902000 1174.998707 
82.943000 1175.323572 
82.985000 1175.529814 
83.027000 1175.575899 
83.068000 1175.761016 
83.110000 1176.066085 
83.152000 1176.490307 
83.193000 1176.581055 
83.235000 1176.768841 
83.277000 1176.963719 
83.318000 1176.997022 
83.360000 1177.113635 
83.402000 1177.219468 
83.443000 1177.399473 
83.485000 1177.556579 
83.527000 1177.958366 
83.568000 1178.321738 
83.610000 1178.519894 
83.652000 1178.699031 
83.693000 1178.908264 
83.735000 1179.187468 
83.777000 1179.489429 
83.818000 1179.820159 
83.860000 1180.086523 
83.902000 1180.088910 
83.943000 1180.154091 
83.985000 1180.257615 
84.027000 1180.383245 
84.068000 1180.712281 
84.110000 1181.052408 
84.152000 1181.340238 
84.193000 1181.665283 
84.235000 1182.119237 
84.277000 1182.375825 
84.318000 1182.815876 
84.360000 1183.050877 
84.402000 1183.386020 
84.443000 1183.721280 
84.485000 1183.897885 
84.527000 1183.929523 
84.568000 1184.147052 
84.610000 1184.301926 
84.652000 1184.571210 
84.693000 1184.805411 
84.735000 1184.849667 
84.777000 1184.900919 
84.819000 1185.127557 
84.860000 1185.479439 
84.902000 1185.667186 
84.944000 1185.885773 
84.985000 1186.130688 
85.027000 1186.340661 
85.068000 1186.696016 
85.110000 1186.915079 
85.152000 1186.997277 
85.194000 1187.105600 
85.235000 1187.249833 
85.277000 1187.506872 
85.319000 1187.765304 
85.360000 1187.919951 
85.402000 1188.163429 
85.444000 1188.338626 
85.485000 1188.576543 
85.527000 1188.843777 
85.569000 1189.135564 
85.610000 1189.540163 
85.652000 1189.863200 
85.694000 1190.104372 
85.735000 1190.430257 
85.777000 1190.754461 
85.819000 1190.810287 
85.860000 1190.917933 
85.902000 1191.138779 
85.944000 1191.355372 
85.985000 1191.799859 
86.027000 1192.025910 
86.069000 1192.170896 
86.110000 1192.176589 
86.152000 1192.416260 
86.194000 1192.622415 
86.235000 1192.937567 
86.277000 1193.130641 
86.319000 1193.312468 
86.360000 1193.536682 
86.402000 1193.740435 
86.444000 1193.982482 
86.485000 1194.218378 
86.527000 1194.503446 
86.569000 1194.566902 
86.610000 1194.919875 
86.652000 1195.111219 
86.694000 1195.373028 
86.735000 1195.627285 
86.777000 1195.829931 
86.819000 1195.953876 
86.860000 1196.586163 
86.902000 1197.020314 
86.943000 1197.465099 
86.985000 1197.522064 
87.027000 1197.454155 
87.069000 1197.620688 
87.110000 1198.189987 
87.152000 1198.590642 
87.194000 1198.893317 
87.235000 1199.222153 
87.277000 1199.493107 
87.319000 1199.720983 
87.360000 1199.920785 
87.402000 1200.081142 
87.444000 1200.324797 
87.485000 1200.624215 
87.527000 1200.809220 
87.569000 1200.937456 
87.610000 1201.049110 
87.652000 1201.257258 
87.694000 1201.539754 
87.735000 1201.796579 
87.777000 1202.130458 
87.819000 1202.274547 
87.860000 1202.595511 
87.902000 1202.956545 
87.944000 1203.141200 
87.985000 1203.349240 
88.027000 1203.696654 
88.069000 1203.796854 
88.110000 1203.975542 
88.152000 1204.073551 
88.194000 1204.382463 
88.235000 1204.682194 
88.277000 1204.939755 
88.319000 1205.220723 
88.360000 1205.526974 
88.402000 1205.643964 
88.444000 1205.969094 
88.485000 1206.404881 
88.527000 1206.763577 
88.569000 1207.054243 
88.610000 1207.340359 
88.652000 1207.620462 
88.694000 1207.855534 
88.735000 1208.009518 
88.777000 1208.464619 
88.819000 1208.674236 
88.860000 1208.934025 
88.902000 1209.267268 
88.944000 1209.528445 
88.985000 1209.852768 
89.027000 1210.167187 
89.069000 1210.465143 
89.110000 1210.920747 
89.152000 1211.201206 
89.194000 1211.443060 
89.235000 1211.785738 
89.277000 1211.907374 
89.319000 1212.136322 
89.360000 1212.489408 
89.402000 1212.580322 
89.444000 1212.718740 
89.485000 1213.027867 
89.527000 1213.370702 
89.569000 1213.875549 
89.610000 1214.506115 
89.652000 1214.821684 
89.694000 1214.842147 
89.735000 1215.041373 
89.777000 1215.385543 
89.819000 1215.639484 
89.860000 1215.990863 
89.902000 1216.333011 
89.944000 1216.603117 
89.985000 1216.874585 
90.027000 1217.162542 
90.069000 1217.321299 
90.110000 1217.445316 
90.152000 1217.728038 
90.194000 1218.002442 
90.235000 1218.431388 
90.277000 1218.614621 
90.319000 1218.979401 
90.360000 1219.193912 
90.402000 1219.375298 
90.444000 1219.871067 
90.485000 1219.931221 
90.527000 1220.254540 
90.569000 1220.497755 
90.610000 1220.736648 
90.652000 1220.939989 
90.694000 1221.255020 
90.735000 1221.660747 
90.777000 1221.980831 
90.819000 1222.390164 
90.860000 1222.860185 
90.902000 1223.212838 
90.944000 1223.537472 
90.985000 1223.810517 
91.027000 1224.190157 
91.069000 1224.566943 
91.110000 1224.906187 
91.152000 1225.057338 
91.194000 1225.421117 
91.235000 1225.713860 
91.277000 1225.736252 
91.319000 1225.815389 
91.360000 1226.074647 
91.402000 1226.486573 
91.444000 1227.176267 
91.485000 1227.510771 
91.527000 1227.823584 
91.569000 1228.150576 
91.610000 1228.599452 
91.652000 1228.950132 
91.694000 1229.364505 
91.735000 1229.866245 
91.777000 1230.155889 
91.819000 1230.314563 
91.860000 1230.592262 
91.902000 1230.926465 
91.944000 1231.314875 
91.985000 1231.575279 
92.027000 1231.853730 
92.069000 1232.358616 
92.110000 1232.638074 
92.152000 1232.707114 
92.194000 1232.905785 
92.235000 1233.280090 
92.277000 1233.540031 
92.319000 1233.710826 
92.360000 1233.992994 
92.402000 1234.327358 
92.444000 1234.743261 
92.485000 1235.116785 
92.527000 1235.398445 
92.569000 1235.485473 
92.610000 1235.924796 
92.652000 1236.322071 
92.694000 1236.628253 
92.735000 1237.234248 
92.777000 1237.782220 
92.819000 1238.181284 
92.860000 1238.520141 
92.902000 1238.582712 
92.944000 1238.890120 
92.985000 1239.235808 
93.027000 1239.295905 
93.069000 1239.390317 
93.110000 1239.823470 
93.152000 1240.373179 
93.194000 1240.734256 
93.235000 1241.074794 
93.277000 1241.439819 
93.319000 1241.784791 
93.360000 1242.219779 
93.402000 1242.694524 
93.444000 1243.112400 
93.485000 1243.470091 
93.527000 1243.783472 
93.569000 1244.045971 
93.610000 1244.466285 
93.652000 1245.054548 
93.694000 1245.395661 
93.735000 1245.830582 
93.777000 1246.016044 
93.819000 1246.372423 
93.860000 1246.509094 
93.902000 1246.740725 
93.944000 1247.172764 
93.985000 1247.775708 
94.027000 1248.292737 
94.069000 1248.845573 
94.110000 1249.235425 
94.152000 1249.488500 
94.194000 1249.823864 
94.235000 1250.205465 
94.277000 1250.171023 
94.319000 1250.597319 
94.360000 1251.162495 
94.402000 1251.676972 
94.444000 1252.048796 
94.485000 1252.773737 
94.527000 1253.087810 
94.569000 1253.438928 
94.610000 1253.820301 
94.652000 1254.234756 
94.694000 1254.542319 
94.735000 1254.924408 
94.777000 1255.173093 
94.819000 1255.496269 
94.860000 1255.919947 
94.902000 1256.270302 
94.944000 1256.533952 
94.985000 1257.036363 
95.027000 1257.382072 
95.069000 1257.762669 
95.110000 1258.274209 
95.152000 1258.590272 
95.194000 1259.087244 
95.235000 1259.532375 
95.277000 1259.672803 
95.319000 1260.141551 
95.360000 1260.535859 
95.402000 1260.703430 
95.444000 1261.124239 
95.485000 1261.455217 
95.527000 1262.204930 
95.569000 1262.754820 
95.610000 1262.861004 
95.652000 1263.353970 
95.694000 1263.881340 
95.735000 1264.239330 
95.777000 1264.653883 
95.819000 1265.106484 
95.860000 1265.616861 
95.902000 1266.040222 
95.944000 1266.525860 
95.985000 1266.764153 
96.027000 1267.180211 
96.069000 1267.590768 
96.110000 1267.920649 
96.152000 1268.328293 
96.194000 1268.644135 
96.235000 1269.053016 
96.277000 1269.428574 
96.319000 1269.826131 
96.360000 1270.169030 
96.402000 1270.615767 
96.444000 1271.063491 
96.485000 1271.567580 
96.527000 1272.106092 
96.569000 1272.414170 
96.610000 1272.625332 
96.652000 1272.918207 
96.694000 1273.151610 
96.735000 1273.611730 
96.777000 1274.166190 
96.819000 1274.845067 
96.860000 1275.182885 
96.902000 1275.744485 
96.944000 1276.243320 
96.985000 1276.575462 
97.027000 1276.949202 
97.069000 1277.587996 
97.110000 1278.029462 
97.152000 1278.347564 
97.194000 1278.762102 
97.235000 1279.009327 
97.277000 1279.423458 
97.319000 1280.025230 
97.360000 1280.458391 
97.402000 1280.953550 
97.444000 1281.529495 
97.485000 1281.880543 
97.527000 1282.426174 
97.569000 1283.080667 
97.610000 1283.576336 
97.652000 1283.926885 
97.694000 1284.538259 
97.735000 1284.941882 
97.777000 1285.330681 
97.819000 1285.868855 
97.860000 1286.332735 
97.902000 1286.693673 
97.944000 1287.187333 
97.986000 1287.327687 
98.027000 1287.785306 
98.069000 1288.483774 
98.110000 1288.915919 
98.152000 1289.233911 
98.194000 1289.295656 
98.235000 1289.566025 
98.277000 1290.027267 
98.319000 1290.380866 
98.360000 1290.861993 
98.402000 1291.317595 
98.444000 1291.783548 
98.485000 1292.225488 
98.527000 1292.686005 
98.569000 1293.107281 
98.610000 1293.717620 
98.652000 1294.477498 
98.694000 1295.080193 
98.735000 1295.445612 
98.777000 1295.911516 
98.819000 1296.492527 
98.860000 1296.976129 
98.902000 1297.530837 
98.944000 1297.898755 
98.985000 1298.194171 
99.027000 1298.847127 
99.069000 1299.323022 
99.110000 1299.815293 
99.152000 1300.308719 
99.194000 1300.863703 
99.235000 1301.475605 
99.277000 1302.051168 
99.319000 1302.628275 
99.360000 1303.046218 
99.402000 1303.529474 
99.444000 1304.050234 
99.485000 1304.504354 
99.527000 1304.972524 
99.569000 1305.567304 
99.610000 1306.005568 
99.652000 1306.771985 
99.694000 1307.229322 
99.735000 1307.346526 
99.777000 1307.772301 
99.819000 1308.135717 
99.860000 1308.781671 
99.902000 1309.211804 
