#MW is set to 454 using carbon number=6
#T    cl(J/K mol)
0.000000 1680.708182 
0.032000 1674.588998 
0.077000 1655.614851 
0.117000 1661.723404 
0.167000 1674.296619 
0.208000 1673.268674 
0.259000 1657.188735 
0.302000 1635.474427 
0.345000 1619.790138 
0.387000 1606.535735 
0.430000 1596.198150 
0.473000 1588.240584 
0.516000 1584.599703 
0.559000 1577.625508 
0.602000 1556.924665 
0.644000 1536.500371 
0.687000 1520.619565 
0.729000 1507.495307 
0.772000 1495.671205 
0.814000 1485.780317 
0.856000 1476.822780 
0.899000 1468.545399 
0.941000 1460.154565 
0.983000 1453.370415 
1.025000 1447.279616 
1.067000 1441.938835 
1.110000 1436.484879 
1.152000 1431.444134 
1.194000 1426.763406 
1.236000 1422.286029 
1.278000 1418.302004 
1.320000 1414.644662 
1.362000 1411.310672 
1.403000 1408.569888 
1.445000 1405.975933 
1.487000 1403.998661 
1.529000 1402.488074 
1.571000 1401.354171 
1.613000 1400.740285 
1.655000 1400.349750 
1.697000 1399.779233 
1.747000 1398.203243 
1.789000 1395.702764 
1.830000 1392.015488 
1.872000 1387.435043 
1.914000 1382.597949 
1.956000 1378.374206 
1.997000 1375.090330 
2.039000 1372.629955 
2.081000 1370.912930 
2.123000 1369.692589 
2.165000 1369.098932 
2.206000 1368.741807 
2.248000 1368.418184 
2.290000 1368.044578 
2.332000 1368.120990 
2.373000 1368.193932 
2.415000 1367.883711 
2.457000 1367.690173 
2.498000 1367.589832 
2.540000 1367.386328 
2.582000 1367.482842 
2.624000 1367.029373 
2.665000 1367.335765 
2.707000 1367.178996 
2.749000 1367.065577 
2.791000 1367.085509 
2.832000 1367.128634 
2.874000 1367.001933 
2.916000 1367.118582 
2.957000 1367.165089 
2.999000 1367.058439 
3.041000 1367.095138 
3.082000 1366.965028 
3.124000 1367.181761 
3.166000 1367.328511 
3.207000 1367.408450 
3.249000 1367.338567 
3.291000 1367.445367 
3.333000 1367.675517 
3.374000 1367.982188 
3.416000 1368.159038 
3.458000 1368.142572 
3.499000 1368.662625 
3.541000 1368.582858 
3.583000 1368.759775 
3.624000 1369.079876 
3.666000 1369.106826 
3.708000 1369.310459 
3.749000 1369.547276 
3.791000 1369.820942 
3.833000 1369.944624 
3.874000 1370.241489 
3.916000 1370.495205 
3.958000 1370.855603 
4.000000 1371.176018 
4.041000 1371.412948 
4.083000 1371.570062 
4.125000 1371.993860 
4.166000 1372.370837 
4.208000 1372.744667 
4.250000 1372.988514 
4.291000 1373.348872 
4.333000 1373.706085 
4.375000 1374.039980 
4.416000 1374.423719 
4.458000 1374.774314 
4.500000 1375.164925 
4.541000 1375.515378 
4.583000 1375.979355 
4.625000 1376.303348 
4.666000 1376.597182 
4.708000 1376.921207 
4.750000 1377.285248 
4.791000 1377.652463 
4.833000 1378.119870 
4.875000 1378.507292 
4.916000 1378.841221 
4.958000 1379.182009 
5.000000 1379.549480 
5.041000 1380.003455 
5.083000 1380.364292 
5.125000 1380.661811 
5.166000 1381.029166 
5.208000 1381.376717 
5.250000 1381.690950 
5.291000 1381.821686 
5.333000 1381.965951 
5.375000 1382.053565 
5.416000 1382.181014 
5.458000 1382.305326 
5.500000 1382.279655 
5.541000 1382.297150 
5.583000 1382.291510 
5.625000 1382.302552 
5.666000 1382.190094 
5.708000 1382.107834 
5.750000 1381.998924 
5.791000 1381.879844 
5.833000 1381.787632 
5.875000 1381.638769 
5.916000 1381.449735 
5.958000 1381.257570 
6.000000 1381.102087 
6.041000 1380.863099 
6.083000 1380.640981 
6.125000 1380.448878 
6.167000 1380.170124 
6.208000 1380.217864 
6.250000 1379.965808 
6.291000 1379.936911 
6.333000 1379.764886 
6.375000 1379.616209 
6.416000 1379.490691 
6.458000 1379.272046 
6.500000 1379.120082 
6.541000 1378.977942 
6.583000 1378.812676 
6.625000 1378.704092 
6.666000 1378.601998 
6.708000 1378.433444 
6.750000 1378.334906 
6.792000 1378.243051 
6.833000 1378.191016 
6.875000 1378.165857 
6.916000 1378.147185 
6.958000 1378.145390 
7.000000 1378.173610 
7.042000 1378.128513 
7.083000 1378.223233 
7.125000 1378.358166 
7.167000 1378.446447 
7.208000 1378.501212 
7.250000 1378.692857 
7.291000 1378.904318 
7.333000 1378.952660 
7.375000 1379.031016 
7.416000 1379.095855 
7.458000 1379.194241 
7.500000 1379.355976 
7.542000 1379.517726 
7.583000 1379.672624 
7.625000 1379.767737 
7.667000 1379.896198 
7.708000 1380.084473 
7.750000 1380.266297 
7.792000 1380.514804 
7.833000 1380.773122 
7.875000 1381.018324 
7.917000 1381.160209 
7.958000 1381.251904 
8.000000 1381.407151 
8.042000 1381.732412 
8.083000 1381.807484 
8.125000 1381.916109 
8.167000 1382.181415 
8.208000 1382.296530 
8.250000 1382.435199 
8.292000 1382.577216 
8.333000 1382.645707 
8.375000 1382.724420 
8.417000 1382.809814 
8.458000 1382.868348 
8.500000 1382.907104 
8.550000 1382.997548 
8.592000 1383.089670 
8.633000 1383.194931 
8.675000 1383.347082 
8.717000 1383.459248 
8.758000 1383.587884 
8.800000 1383.720079 
8.842000 1383.895621 
8.883000 1384.037633 
8.925000 1384.113205 
8.967000 1384.215457 
9.008000 1384.357511 
9.050000 1384.499793 
9.092000 1384.638755 
9.133000 1384.784184 
9.175000 1384.883175 
9.217000 1384.982181 
9.258000 1385.047652 
9.300000 1385.173352 
9.342000 1385.295734 
9.383000 1385.421247 
9.425000 1385.543657 
9.467000 1385.676081 
9.508000 1385.788302 
9.550000 1385.914088 
9.592000 1386.043221 
9.633000 1386.132151 
9.675000 1386.257979 
9.717000 1386.413821 
9.758000 1386.512792 
9.800000 1386.635329 
9.842000 1386.731214 
9.883000 1386.856892 
9.925000 1386.976138 
9.967000 1387.102065 
10.008000 1387.287785 
10.050000 1387.427072 
10.092000 1387.436374 
10.133000 1387.655468 
10.175000 1387.754797 
10.217000 1387.860808 
10.258000 1387.939942 
10.300000 1388.069313 
10.342000 1388.185365 
10.383000 1388.314540 
10.425000 1388.423953 
10.467000 1388.536713 
10.508000 1388.699262 
10.550000 1388.835382 
10.592000 1388.931517 
10.633000 1389.027439 
10.675000 1389.116934 
10.717000 1389.226443 
10.758000 1389.295739 
10.800000 1389.405275 
10.841000 1389.517931 
10.883000 1389.604161 
10.925000 1389.680404 
10.967000 1389.819995 
11.008000 1389.929370 
11.050000 1389.985655 
11.092000 1390.068619 
11.133000 1390.194701 
11.175000 1390.287693 
11.217000 1390.337365 
11.258000 1390.473486 
11.300000 1390.569851 
11.341000 1390.659332 
11.383000 1390.702391 
11.425000 1390.745463 
11.467000 1390.835215 
11.508000 1390.941415 
11.550000 1391.001194 
11.592000 1391.087653 
11.633000 1391.187225 
11.675000 1391.300377 
11.716000 1391.416642 
11.758000 1391.513154 
11.800000 1391.599679 
11.842000 1391.559551 
11.883000 1391.562534 
11.925000 1391.729099 
11.966000 1391.808775 
12.008000 1391.838699 
12.050000 1391.908637 
12.091000 1391.958350 
12.133000 1392.071648 
12.175000 1392.091625 
12.217000 1392.201615 
12.258000 1392.288046 
12.300000 1392.371396 
12.342000 1392.428092 
12.383000 1392.471228 
12.425000 1392.534616 
12.467000 1392.634685 
12.508000 1392.717859 
12.550000 1392.781286 
12.592000 1392.824726 
12.633000 1392.871272 
12.675000 1392.944738 
12.717000 1393.021550 
12.758000 1393.094800 
12.800000 1393.148304 
12.841000 1393.211579 
12.883000 1393.248442 
12.925000 1393.295318 
12.966000 1393.345297 
13.008000 1393.368865 
13.050000 1393.435779 
13.091000 1393.589129 
13.133000 1393.699402 
13.175000 1393.723021 
13.216000 1393.706407 
13.258000 1393.750051 
13.300000 1393.760375 
13.341000 1393.803798 
13.383000 1393.830813 
13.425000 1393.857841 
13.467000 1393.881548 
13.508000 1393.941688 
13.550000 1394.008753 
13.592000 1394.072498 
13.633000 1394.149340 
13.675000 1394.229776 
13.717000 1394.310225 
13.758000 1394.410437 
13.800000 1394.530911 
13.841000 1394.654480 
13.883000 1394.674978 
13.925000 1394.715489 
13.967000 1394.869345 
14.008000 1394.966296 
14.050000 1395.123510 
14.091000 1395.133819 
14.133000 1395.137724 
14.175000 1395.168308 
14.216000 1395.235319 
14.258000 1395.362594 
14.300000 1395.476548 
14.341000 1395.563595 
14.383000 1395.630907 
14.425000 1395.734897 
14.466000 1395.811979 
14.508000 1395.879327 
14.550000 1395.963354 
14.591000 1396.047138 
14.633000 1396.134523 
14.675000 1396.195252 
14.716000 1396.295738 
14.758000 1396.276492 
14.800000 1396.413925 
14.841000 1396.421112 
14.883000 1396.428568 
14.925000 1396.436037 
14.966000 1396.443259 
15.008000 1396.474084 
15.050000 1396.524922 
15.091000 1396.572179 
15.133000 1396.609707 
15.175000 1396.643913 
15.216000 1396.717871 
15.258000 1396.738767 
15.300000 1396.743009 
15.341000 1396.830335 
15.383000 1396.814600 
15.425000 1396.805543 
15.466000 1396.832904 
15.508000 1396.847204 
15.550000 1396.948182 
15.591000 1396.968910 
15.633000 1396.939912 
15.675000 1396.937591 
15.716000 1397.005020 
15.758000 1397.029390 
15.800000 1397.037104 
15.841000 1397.084567 
15.883000 1397.155638 
15.925000 1397.220053 
15.966000 1397.247550 
16.008000 1397.305322 
16.050000 1397.366438 
16.091000 1397.403968 
16.133000 1397.471774 
16.175000 1397.522925 
16.216000 1397.677155 
16.258000 1397.678329 
16.300000 1397.599514 
16.342000 1397.574043 
16.383000 1397.561651 
16.425000 1397.599537 
16.466000 1397.663833 
16.508000 1397.685074 
16.550000 1397.712993 
16.591000 1397.747322 
16.633000 1397.765264 
16.675000 1397.749884 
16.716000 1397.750912 
16.758000 1397.745554 
16.800000 1397.803540 
16.841000 1397.864601 
16.883000 1397.929276 
16.925000 1397.953962 
16.966000 1398.028389 
17.008000 1398.149764 
17.050000 1398.234483 
17.100000 1398.358053 
17.141000 1398.459191 
17.183000 1398.560612 
17.225000 1398.678711 
17.266000 1398.763215 
17.308000 1398.864669 
17.350000 1398.989467 
17.391000 1399.104002 
17.433000 1399.225489 
17.475000 1399.316986 
17.516000 1399.368220 
17.558000 1399.466406 
17.600000 1399.524602 
17.641000 1399.579201 
17.683000 1399.677419 
17.725000 1399.768981 
17.766000 1399.823612 
17.808000 1399.878528 
17.850000 1399.893456 
17.891000 1399.894784 
17.933000 1399.889733 
17.975000 1399.904692 
18.016000 1399.872718 
18.058000 1399.847698 
18.100000 1399.772689 
18.141000 1399.734080 
18.183000 1399.682425 
18.225000 1399.644114 
18.266000 1399.642202 
18.308000 1399.630579 
18.350000 1399.622300 
18.391000 1399.710418 
18.433000 1399.605493 
18.475000 1399.530578 
18.517000 1399.505674 
18.558000 1399.487166 
18.600000 1399.605616 
18.641000 1399.577129 
18.683000 1399.558932 
18.725000 1399.497413 
18.766000 1399.458956 
18.808000 1399.414123 
18.850000 1399.399302 
18.891000 1399.380874 
18.933000 1399.372739 
18.975000 1399.404615 
19.016000 1399.389551 
19.058000 1399.374779 
19.100000 1399.343352 
19.141000 1399.318317 
19.183000 1399.380243 
19.225000 1399.425513 
19.266000 1399.420508 
19.308000 1399.435797 
19.350000 1399.441097 
19.391000 1399.422788 
19.433000 1399.418107 
19.475000 1399.416770 
19.516000 1399.371824 
19.558000 1399.320506 
19.600000 1399.299199 
19.641000 1399.314282 
19.683000 1399.349661 
19.725000 1399.335050 
19.766000 1399.386828 
19.808000 1399.402236 
19.850000 1399.447655 
19.891000 1399.526128 
19.933000 1399.511566 
19.975000 1399.663681 
20.016000 1399.705516 
20.058000 1399.697650 
20.100000 1399.749793 
20.141000 1399.814991 
20.183000 1399.860487 
20.225000 1399.899326 
20.266000 1399.907885 
20.308000 1399.970076 
20.350000 1399.965611 
20.391000 1399.954198 
20.433000 1399.989752 
20.475000 1399.995315 
20.516000 1399.987263 
20.558000 1399.946179 
20.600000 1400.018437 
20.641000 1400.043746 
20.683000 1400.046024 
20.725000 1400.074977 
20.766000 1400.056980 
20.808000 1399.999286 
20.850000 1400.021601 
20.891000 1400.043632 
20.933000 1400.045965 
20.975000 1400.064975 
21.016000 1400.050367 
21.058000 1400.052728 
21.100000 1400.068432 
21.141000 1400.073851 
21.183000 1400.119573 
21.225000 1400.128639 
21.266000 1400.160751 
21.308000 1400.176501 
21.350000 1400.198927 
21.391000 1400.251066 
21.433000 1400.260177 
21.475000 1400.289297 
21.516000 1400.321462 
21.558000 1400.350601 
21.600000 1400.369748 
21.641000 1400.395273 
21.683000 1400.457772 
21.725000 1400.483613 
21.766000 1400.525831 
21.808000 1400.545023 
21.850000 1400.637558 
21.891000 1400.706469 
21.933000 1400.742354 
21.975000 1400.791582 
22.016000 1400.780519 
22.058000 1400.733098 
22.100000 1400.679019 
22.141000 1400.614649 
22.183000 1400.530587 
22.225000 1400.479868 
22.266000 1400.445523 
22.308000 1400.418155 
22.350000 1400.360795 
22.391000 1400.326476 
22.433000 1400.295800 
22.475000 1400.311800 
22.516000 1400.340839 
22.558000 1400.363523 
22.600000 1400.326215 
22.641000 1400.265280 
22.683000 1400.257989 
22.725000 1400.294040 
22.766000 1400.319796 
22.808000 1400.362531 
22.850000 1400.341941 
22.891000 1400.354389 
22.933000 1400.363816 
22.975000 1400.356585 
23.016000 1400.329057 
23.058000 1400.288509 
23.100000 1400.304637 
23.141000 1400.270467 
23.183000 1400.249944 
23.225000 1400.226097 
23.266000 1400.161952 
23.308000 1400.134787 
23.350000 1400.107631 
23.391000 1400.060177 
23.433000 1399.999704 
23.475000 1399.959239 
23.516000 1399.935142 
23.558000 1399.934694 
23.600000 1399.920920 
23.641000 1399.890181 
23.683000 1399.776423 
23.725000 1399.742674 
23.766000 1399.648625 
23.808000 1399.581558 
23.850000 1399.537833 
23.891000 1399.417141 
23.933000 1399.356766 
23.975000 1399.449731 
24.016000 1399.522396 
24.058000 1399.532044 
24.100000 1399.498367 
24.141000 1399.381055 
24.183000 1399.244060 
24.225000 1399.287073 
24.266000 1399.236451 
24.308000 1399.259480 
24.350000 1399.259183 
24.391000 1399.285251 
24.433000 1399.258303 
24.475000 1399.264696 
24.516000 1399.220786 
24.558000 1399.223862 
24.600000 1399.290279 
24.641000 1399.323058 
24.683000 1399.319490 
24.725000 1399.289263 
24.766000 1399.258731 
24.808000 1399.218520 
24.850000 1399.148316 
24.891000 1399.094473 
24.933000 1399.067617 
24.975000 1399.037436 
25.016000 1399.080282 
25.058000 1399.110116 
25.100000 1399.013290 
25.141000 1398.939492 
25.183000 1398.899348 
25.225000 1398.855878 
25.266000 1398.882101 
25.308000 1398.855313 
25.350000 1398.931865 
25.391000 1398.978110 
25.433000 1399.018011 
25.475000 1399.024585 
25.516000 1399.027518 
25.558000 1399.067440 
25.600000 1399.114037 
25.641000 1399.193658 
25.683000 1399.230269 
25.725000 1399.300220 
25.766000 1399.263195 
25.808000 1399.279828 
25.850000 1399.273134 
25.891000 1399.269464 
25.933000 1399.279451 
25.975000 1399.279445 
26.016000 1399.239129 
26.058000 1399.242471 
26.100000 1399.279153 
26.141000 1399.252191 
26.183000 1399.218887 
26.225000 1399.312257 
26.266000 1399.361982 
26.308000 1399.298699 
26.350000 1399.258757 
26.391000 1399.261835 
26.433000 1399.441906 
26.475000 1399.445318 
26.516000 1399.448417 
26.558000 1399.448509 
26.600000 1399.471941 
26.641000 1399.445059 
26.683000 1399.468505 
26.725000 1399.435291 
26.766000 1399.415096 
26.808000 1399.411895 
26.850000 1399.442034 
26.891000 1399.451859 
26.933000 1399.472012 
26.975000 1399.458838 
27.016000 1399.408682 
27.058000 1399.368855 
27.100000 1399.375700 
27.141000 1399.468898 
27.183000 1399.392423 
27.224000 1399.432300 
27.266000 1399.419172 
27.308000 1399.409383 
27.349000 1399.352612 
27.391000 1399.296170 
27.433000 1399.296402 
27.475000 1399.283306 
27.516000 1399.243227 
27.558000 1399.230144 
27.600000 1399.223734 
27.641000 1399.200340 
27.683000 1399.230610 
27.725000 1399.317553 
27.766000 1399.294177 
27.808000 1399.361132 
27.850000 1399.291427 
27.891000 1399.248070 
27.933000 1399.268377 
27.975000 1399.262024 
28.016000 1399.242019 
28.058000 1399.199011 
28.100000 1399.139343 
28.141000 1399.079356 
28.183000 1399.089700 
28.225000 1399.093384 
28.266000 1398.973414 
28.308000 1399.053776 
28.349000 1399.130485 
28.391000 1399.110860 
28.433000 1399.044573 
28.475000 1399.031627 
28.516000 1399.001692 
28.558000 1399.025424 
28.600000 1398.969162 
28.641000 1398.995911 
28.683000 1399.052994 
28.725000 1398.903416 
28.766000 1398.916850 
28.808000 1398.940617 
28.849000 1398.847395 
28.891000 1398.911173 
28.933000 1398.798291 
28.974000 1398.808419 
29.016000 1398.778882 
29.058000 1398.722684 
29.100000 1398.596491 
29.141000 1398.749975 
29.183000 1398.820460 
29.225000 1398.680951 
29.266000 1398.717785 
29.308000 1398.718287 
29.349000 1398.725132 
29.391000 1398.708979 
29.433000 1398.672831 
29.474000 1398.656359 
29.516000 1398.610222 
29.558000 1398.570758 
29.599000 1398.540968 
29.641000 1398.644848 
29.683000 1398.652066 
29.724000 1398.532293 
29.766000 1398.309522 
29.808000 1398.273423 
29.849000 1398.306999 
29.891000 1398.347577 
29.933000 1398.371495 
29.974000 1398.478419 
30.016000 1398.335681 
30.058000 1398.226280 
30.100000 1398.263552 
30.141000 1398.417164 
30.183000 1398.337780 
30.224000 1398.218068 
30.266000 1398.162027 
30.308000 1398.145992 
30.349000 1398.176295 
30.391000 1398.176937 
30.433000 1398.210916 
30.474000 1398.234568 
30.516000 1398.201891 
30.558000 1398.252553 
30.599000 1398.176220 
30.641000 1398.196891 
30.683000 1398.067568 
30.724000 1398.181249 
30.766000 1398.118602 
30.808000 1398.005960 
30.849000 1397.992989 
30.891000 1398.020357 
30.933000 1398.021063 
30.974000 1397.974773 
31.016000 1397.835489 
31.058000 1397.726210 
31.099000 1397.736600 
31.141000 1397.993997 
31.183000 1397.988065 
31.224000 1397.978470 
31.266000 1397.965881 
31.308000 1397.863297 
31.349000 1397.800382 
31.391000 1397.911140 
31.433000 1398.011903 
31.474000 1397.909002 
31.516000 1397.713107 
31.558000 1397.747218 
31.599000 1397.780996 
31.641000 1397.621782 
31.683000 1397.552573 
31.724000 1397.469698 
31.766000 1397.483831 
31.808000 1397.684635 
31.849000 1397.768440 
31.891000 1397.689253 
31.933000 1397.613403 
31.974000 1397.600555 
32.016000 1397.738047 
32.058000 1397.838878 
32.099000 1397.876042 
32.141000 1397.723548 
32.183000 1397.747724 
32.224000 1397.678234 
32.266000 1397.719086 
32.308000 1397.763276 
32.349000 1397.673798 
32.391000 1397.757996 
32.433000 1397.695531 
32.474000 1397.799399 
32.516000 1397.970276 
32.558000 1397.981157 
32.599000 1397.788371 
32.643000 1397.659938 
32.684000 1397.680493 
32.726000 1397.721390 
32.768000 1397.752292 
32.809000 1397.769525 
32.851000 1397.877102 
32.893000 1397.798015 
32.934000 1397.581927 
32.976000 1397.572848 
33.018000 1397.443774 
33.059000 1397.517697 
33.101000 1397.561964 
33.143000 1397.396234 
33.184000 1397.406835 
33.226000 1397.314447 
33.268000 1397.378728 
33.309000 1397.366007 
33.351000 1397.320297 
33.393000 1397.224590 
33.434000 1397.221880 
33.476000 1397.139514 
33.518000 1397.260485 
33.559000 1397.247785 
33.601000 1397.145430 
33.643000 1397.166412 
33.684000 1397.233724 
33.726000 1397.198046 
33.768000 1397.249039 
33.809000 1397.159694 
33.851000 1397.117360 
33.893000 1397.168364 
33.934000 1397.019029 
33.976000 1396.876706 
34.024000 1396.759769 
34.068000 1396.804804 
34.109000 1396.978817 
34.151000 1397.123175 
34.199000 1397.292921 
34.241000 1397.320620 
34.284000 1397.135331 
34.333000 1396.895432 
34.374000 1396.809465 
34.418000 1396.721196 
34.459000 1396.661903 
34.501000 1396.616288 
34.543000 1396.627344 
34.584000 1396.644727 
34.626000 1396.655789 
34.668000 1396.650187 
34.718000 1396.577332 
34.759000 1396.488061 
34.801000 1396.399137 
34.843000 1396.280215 
34.884000 1396.217620 
34.926000 1396.128704 
34.968000 1396.176458 
35.009000 1396.073871 
35.051000 1396.041631 
35.093000 1395.989394 
35.134000 1395.946816 
35.176000 1395.841252 
35.218000 1395.732357 
35.259000 1395.693121 
35.301000 1395.690898 
35.343000 1395.552012 
35.384000 1395.449451 
35.426000 1395.380570 
35.468000 1395.371692 
35.509000 1395.565806 
35.551000 1395.543600 
35.593000 1395.534731 
35.634000 1395.512186 
35.676000 1395.563322 
35.718000 1395.564460 
35.766000 1395.534336 
35.808000 1395.428813 
35.849000 1395.319615 
35.891000 1395.390764 
35.933000 1395.355249 
35.974000 1395.392726 
36.016000 1395.290549 
36.058000 1395.375042 
36.099000 1395.239192 
36.141000 1395.297023 
36.183000 1395.428190 
36.224000 1395.245681 
36.266000 1395.253519 
36.308000 1395.304693 
36.349000 1395.128857 
36.391000 1395.026703 
36.433000 1395.131217 
36.474000 1395.095389 
36.516000 1394.993241 
36.558000 1395.001096 
36.599000 1395.148607 
36.641000 1395.239800 
36.684000 1395.181340 
36.726000 1395.082537 
36.774000 1395.022480 
36.818000 1394.954374 
36.859000 1394.978565 
36.901000 1394.893104 
36.943000 1394.817646 
36.984000 1394.811843 
37.026000 1394.879722 
37.068000 1394.954270 
37.109000 1395.068474 
37.151000 1394.963025 
37.199000 1394.879658 
37.243000 1394.851574 
37.284000 1394.859119 
37.326000 1394.860346 
37.368000 1394.824908 
37.409000 1394.755792 
37.451000 1394.677024 
37.493000 1394.501591 
37.534000 1394.399147 
37.576000 1394.460385 
37.618000 1394.428291 
37.659000 1394.379186 
37.701000 1394.500429 
37.743000 1394.488340 
37.784000 1394.459240 
37.826000 1394.287155 
37.868000 1394.141738 
37.916000 1394.148407 
37.958000 1394.132993 
37.999000 1394.093901 
38.041000 1394.095158 
38.083000 1394.096416 
38.124000 1394.060662 
38.166000 1394.121923 
38.209000 1394.156867 
38.251000 1394.128131 
38.293000 1394.072730 
38.334000 1394.163650 
38.376000 1394.184919 
38.418000 1394.149522 
38.459000 1394.223780 
38.501000 1394.065053 
38.543000 1394.066327 
38.584000 1394.117255 
38.626000 1394.245198 
38.668000 1394.319810 
38.709000 1394.290741 
38.751000 1394.118689 
38.793000 1394.109971 
38.834000 1393.884240 
38.876000 1393.708857 
38.918000 1393.810143 
38.959000 1393.787748 
39.001000 1393.802370 
39.043000 1393.810325 
39.084000 1393.771267 
39.126000 1393.739225 
39.168000 1393.703851 
39.209000 1393.664796 
39.251000 1393.619424 
39.293000 1393.557386 
39.334000 1393.491667 
39.376000 1393.442965 
39.418000 1393.417596 
39.459000 1393.445214 
39.501000 1393.303180 
39.543000 1393.187815 
39.584000 1393.088768 
39.626000 1393.066738 
39.668000 1393.034708 
39.709000 1392.992330 
39.751000 1393.163636 
39.793000 1393.168275 
39.834000 1393.055900 
39.876000 1392.967207 
39.918000 1392.805182 
39.959000 1392.632809 
40.001000 1392.480785 
40.043000 1392.395428 
40.084000 1392.399724 
40.126000 1392.454369 
40.168000 1392.579014 
40.209000 1392.506644 
40.251000 1392.561291 
40.293000 1392.735938 
40.334000 1392.690237 
40.376000 1392.541551 
40.418000 1392.412866 
40.459000 1392.353833 
40.501000 1392.305149 
40.543000 1392.296466 
40.584000 1392.430767 
40.626000 1392.642084 
40.668000 1392.626735 
40.709000 1392.421038 
40.751000 1392.332356 
40.793000 1392.203675 
40.834000 1392.134645 
40.876000 1392.082630 
40.918000 1392.077283 
40.959000 1392.114920 
41.001000 1392.102907 
41.043000 1392.107560 
41.084000 1392.061865 
41.126000 1392.079852 
41.168000 1392.094505 
41.209000 1392.052144 
41.251000 1392.036798 
41.293000 1392.051452 
41.334000 1392.045757 
41.376000 1392.020411 
41.418000 1392.021732 
41.459000 1392.039370 
41.501000 1392.057357 
41.543000 1392.018678 
41.584000 1391.986316 
41.626000 1392.007637 
41.668000 1392.072290 
41.709000 1392.043262 
41.751000 1392.081249 
41.793000 1392.012568 
41.834000 1392.096873 
41.876000 1391.974859 
41.918000 1391.929511 
41.959000 1391.897148 
42.001000 1391.865134 
42.043000 1391.746452 
42.084000 1391.717421 
42.126000 1391.645406 
42.168000 1391.633390 
42.209000 1391.547692 
42.251000 1391.445675 
42.293000 1391.433658 
42.334000 1391.427959 
42.376000 1391.345941 
42.418000 1391.290589 
42.459000 1391.224888 
42.501000 1391.242869 
42.543000 1391.187516 
42.584000 1391.295146 
42.626000 1391.373125 
42.667000 1391.374089 
42.709000 1391.295400 
42.751000 1391.086710 
42.793000 1391.141354 
42.834000 1391.228981 
42.876000 1391.093623 
42.918000 1391.081597 
42.959000 1391.109222 
43.001000 1391.137196 
43.043000 1391.155168 
43.084000 1391.212791 
43.126000 1391.190762 
43.168000 1391.208731 
43.209000 1391.113019 
43.251000 1391.024320 
43.293000 1391.015621 
43.334000 1391.009906 
43.376000 1390.997871 
43.418000 1390.905836 
43.459000 1390.863451 
43.501000 1390.778080 
43.543000 1390.692708 
43.584000 1390.706988 
43.626000 1390.678280 
43.668000 1390.622906 
43.709000 1390.680515 
43.751000 1390.665138 
43.793000 1390.633093 
43.834000 1390.557366 
43.876000 1390.435319 
43.918000 1390.399937 
43.959000 1390.514206 
44.001000 1390.508822 
44.043000 1390.396770 
44.084000 1390.381036 
44.126000 1390.325648 
44.168000 1390.256926 
44.209000 1390.174521 
44.251000 1390.105796 
44.293000 1390.127069 
44.334000 1390.081327 
44.376000 1390.182598 
44.418000 1390.257201 
44.459000 1390.214788 
44.501000 1390.109388 
44.543000 1390.150653 
44.584000 1390.074902 
44.626000 1390.272831 
44.668000 1390.407425 
44.709000 1390.485003 
44.751000 1390.516260 
44.793000 1390.394183 
44.834000 1390.311756 
44.876000 1390.223009 
44.918000 1390.207593 
44.959000 1390.215162 
45.001000 1390.199743 
45.043000 1390.177655 
45.084000 1390.168552 
45.126000 1390.146461 
45.168000 1390.151035 
45.209000 1390.125260 
45.251000 1390.036497 
45.293000 1389.987732 
45.334000 1389.998619 
45.376000 1389.826517 
45.418000 1389.841080 
45.459000 1389.731961 
45.501000 1389.609853 
45.543000 1389.534410 
45.584000 1389.505285 
45.626000 1389.466505 
45.668000 1389.411056 
45.709000 1389.321926 
45.751000 1389.213139 
45.793000 1389.227684 
45.834000 1389.258547 
45.876000 1389.293088 
45.918000 1389.297627 
45.959000 1389.255151 
46.001000 1389.429685 
46.043000 1389.597550 
46.084000 1389.631734 
46.126000 1389.459595 
46.168000 1389.327454 
46.209000 1389.211631 
46.251000 1389.182819 
46.293000 1389.210671 
46.334000 1389.151508 
46.376000 1389.106022 
46.418000 1389.043867 
46.459000 1388.988031 
46.501000 1388.915871 
46.543000 1388.933708 
46.584000 1388.974532 
46.626000 1389.042364 
46.668000 1389.016861 
46.709000 1389.044344 
46.751000 1388.982169 
46.793000 1389.069992 
46.834000 1389.090800 
46.876000 1388.911951 
46.918000 1388.753099 
46.959000 1388.800567 
47.001000 1388.845043 
47.043000 1388.649517 
47.084000 1388.700310 
47.126000 1388.721445 
47.168000 1388.762577 
47.209000 1388.673362 
47.251000 1388.581155 
47.293000 1388.538946 
47.334000 1388.529723 
47.376000 1388.510841 
47.418000 1388.551956 
47.459000 1388.529392 
47.501000 1388.497168 
47.543000 1388.358275 
47.584000 1388.192368 
47.626000 1388.146802 
47.668000 1388.217900 
47.709000 1388.171985 
47.751000 1388.186410 
47.793000 1388.227499 
47.834000 1388.154908 
47.876000 1388.059324 
47.918000 1387.973737 
47.959000 1387.874471 
48.001000 1387.782211 
48.043000 1387.739948 
48.084000 1387.717339 
48.126000 1387.711736 
48.168000 1387.722797 
48.209000 1387.823511 
48.251000 1387.857899 
48.293000 1387.842283 
48.334000 1387.772989 
48.376000 1387.710700 
48.417000 1387.741399 
48.459000 1387.745770 
48.501000 1387.590137 
48.543000 1387.614502 
48.584000 1387.615187 
48.626000 1387.629545 
48.668000 1387.670566 
48.709000 1387.634574 
48.751000 1387.595588 
48.793000 1387.579932 
48.834000 1387.567264 
48.876000 1387.604934 
48.917000 1387.732259 
48.959000 1387.799921 
49.001000 1387.780914 
49.042000 1387.768228 
49.084000 1387.742547 
49.126000 1387.690195 
49.167000 1387.640832 
49.209000 1387.571806 
49.251000 1387.436110 
49.293000 1387.427076 
49.334000 1387.411032 
49.376000 1387.421991 
49.418000 1387.446280 
49.459000 1387.480224 
49.501000 1387.577839 
49.543000 1387.618782 
49.584000 1387.662716 
49.626000 1387.626985 
49.668000 1387.644583 
49.709000 1387.558505 
49.751000 1387.486096 
49.793000 1387.223683 
49.834000 1387.140926 
49.876000 1387.185172 
49.918000 1387.082746 
49.959000 1387.023311 
50.001000 1386.947544 
50.043000 1386.935107 
50.084000 1386.965660 
50.126000 1386.909880 
50.168000 1386.880764 
50.209000 1386.987971 
50.251000 1386.962179 
50.293000 1387.016383 
50.334000 1387.190245 
50.376000 1387.094440 
50.418000 1387.065298 
50.459000 1387.069147 
50.501000 1386.956663 
50.543000 1387.040841 
50.584000 1386.914678 
50.626000 1386.872180 
50.668000 1386.843012 
50.709000 1386.750169 
50.751000 1386.677658 
50.793000 1386.608477 
50.834000 1386.502287 
50.876000 1386.466430 
50.918000 1386.427234 
50.959000 1386.387698 
51.001000 1386.311827 
51.043000 1386.339285 
51.084000 1386.346402 
51.126000 1386.147184 
51.168000 1386.074627 
51.209000 1386.105064 
51.251000 1386.109165 
51.293000 1386.046595 
51.334000 1386.043685 
51.376000 1386.081105 
51.418000 1386.118520 
51.459000 1386.185596 
51.501000 1386.233002 
51.543000 1386.253736 
51.584000 1386.244131 
51.626000 1386.244856 
51.668000 1386.158909 
51.709000 1386.302623 
51.751000 1386.233333 
51.792000 1386.153703 
51.834000 1386.111070 
51.876000 1385.905098 
51.917000 1385.885455 
51.959000 1385.792806 
52.001000 1385.740153 
52.042000 1385.643828 
52.084000 1385.554497 
52.126000 1385.435162 
52.168000 1385.372488 
52.209000 1385.362810 
52.251000 1385.356792 
52.293000 1385.367436 
52.334000 1385.404409 
52.376000 1385.495042 
52.418000 1385.442337 
52.459000 1385.529295 
52.501000 1385.556579 
52.542000 1385.550193 
52.584000 1385.527466 
52.626000 1385.434735 
52.667000 1385.411666 
52.709000 1385.368924 
52.751000 1385.286176 
52.792000 1385.309758 
52.834000 1385.300333 
52.876000 1385.330902 
52.918000 1385.361465 
52.959000 1385.445026 
53.001000 1385.488912 
53.042000 1385.505795 
53.084000 1385.446337 
53.126000 1385.403539 
53.168000 1385.400736 
53.209000 1385.394264 
53.251000 1385.378116 
53.293000 1385.308629 
53.334000 1385.315474 
53.376000 1385.145976 
53.418000 1384.933138 
53.459000 1384.849966 
53.501000 1384.770451 
53.543000 1384.664263 
53.584000 1384.607740 
53.626000 1384.641541 
53.668000 1384.695335 
53.709000 1384.542129 
53.751000 1384.522578 
53.792000 1384.432693 
53.834000 1384.316464 
53.876000 1384.236896 
53.917000 1384.203661 
53.959000 1384.134080 
54.001000 1384.137827 
54.042000 1384.204574 
54.084000 1384.254976 
54.126000 1384.328704 
54.167000 1384.368767 
54.209000 1384.372483 
54.251000 1384.446194 
54.292000 1384.522905 
54.334000 1384.539936 
54.376000 1384.606961 
54.417000 1384.653654 
54.459000 1384.677334 
54.501000 1384.654340 
54.543000 1384.491340 
54.584000 1384.364675 
54.626000 1384.281662 
54.668000 1384.295310 
54.709000 1384.341960 
54.751000 1384.268928 
54.792000 1384.232232 
54.834000 1384.132521 
54.876000 1384.106137 
54.917000 1384.076088 
54.959000 1383.999691 
55.001000 1383.943287 
55.042000 1383.943220 
55.084000 1383.956803 
55.126000 1383.917047 
55.167000 1383.933627 
55.209000 1383.950523 
55.251000 1383.950747 
55.293000 1383.967630 
55.334000 1383.970851 
55.376000 1383.957721 
55.418000 1384.047917 
55.459000 1384.077785 
55.501000 1384.107968 
55.543000 1384.024811 
55.584000 1383.974659 
55.626000 1383.858155 
55.668000 1383.888311 
55.709000 1383.938139 
55.751000 1383.954948 
55.793000 1383.965083 
55.834000 1383.954891 
55.876000 1383.971679 
55.917000 1383.984807 
55.959000 1383.898248 
56.001000 1383.805015 
56.042000 1383.784788 
56.084000 1383.751542 
56.126000 1383.678288 
56.168000 1383.695026 
56.209000 1383.638106 
56.251000 1383.678164 
56.293000 1383.708215 
56.334000 1383.807940 
56.376000 1383.781310 
56.417000 1383.857688 
56.459000 1383.821043 
56.501000 1383.577725 
56.542000 1383.537415 
56.584000 1383.497415 
56.626000 1383.464075 
56.667000 1383.350410 
56.709000 1383.267055 
56.751000 1383.317026 
56.792000 1383.333340 
56.834000 1383.263296 
56.876000 1383.246578 
56.918000 1383.273186 
56.959000 1383.232804 
57.001000 1383.169397 
57.042000 1383.179000 
57.084000 1383.168911 
57.126000 1383.218815 
57.167000 1383.185063 
57.209000 1383.154952 
57.251000 1383.044833 
57.292000 1383.037725 
57.334000 1383.120924 
57.376000 1383.117449 
57.417000 1382.973652 
57.459000 1382.740161 
57.501000 1382.713329 
57.542000 1382.769510 
57.584000 1382.819329 
57.626000 1382.882474 
57.667000 1382.945299 
57.709000 1382.948428 
57.751000 1382.921549 
57.792000 1382.967684 
57.834000 1383.027456 
57.876000 1383.007221 
57.917000 1382.996665 
57.959000 1383.003081 
58.001000 1382.832821 
58.043000 1382.742554 
58.084000 1382.731967 
58.126000 1382.731684 
58.168000 1382.841392 
58.209000 1382.827448 
58.251000 1382.703807 
58.293000 1382.533491 
58.334000 1382.436191 
58.376000 1382.305859 
58.417000 1382.185209 
58.459000 1382.188194 
58.501000 1382.057837 
58.542000 1382.170496 
58.584000 1382.133456 
58.626000 1382.003075 
58.667000 1382.179043 
58.709000 1382.075312 
58.751000 1381.938238 
58.793000 1381.887823 
58.834000 1381.910426 
58.876000 1381.939994 
58.918000 1381.959554 
58.959000 1382.055465 
59.001000 1382.101675 
59.042000 1382.057569 
59.084000 1382.037095 
59.126000 1381.946613 
59.167000 1381.875816 
59.209000 1381.825316 
59.251000 1381.754808 
59.292000 1381.707319 
59.334000 1381.643460 
59.376000 1381.586259 
59.417000 1381.522078 
59.459000 1381.544860 
59.501000 1381.597633 
59.542000 1381.566760 
59.584000 1381.526183 
59.626000 1381.522263 
59.667000 1381.488031 
59.709000 1381.507426 
59.751000 1381.496813 
59.792000 1381.402556 
59.834000 1381.405258 
59.876000 1381.457952 
59.917000 1381.447001 
59.959000 1381.456344 
60.001000 1381.439011 
60.042000 1381.421367 
60.084000 1381.334016 
60.126000 1381.366656 
60.167000 1381.345653 
60.209000 1381.248274 
60.251000 1381.220887 
60.292000 1381.209857 
60.334000 1381.239118 
60.376000 1381.248370 
60.417000 1381.193980 
60.459000 1381.099881 
60.501000 1381.102438 
60.542000 1381.054688 
60.584000 1380.967227 
60.626000 1380.909757 
60.667000 1380.898647 
60.709000 1380.771158 
60.751000 1380.903660 
60.792000 1380.979189 
60.834000 1380.961672 
60.876000 1380.900813 
60.917000 1380.782981 
60.959000 1380.708769 
61.001000 1380.701215 
61.042000 1380.730022 
61.084000 1380.745782 
61.126000 1380.721532 
61.167000 1380.743644 
61.209000 1380.612709 
61.251000 1380.681764 
61.292000 1380.787182 
61.334000 1380.819551 
61.376000 1380.718578 
61.417000 1380.560634 
61.459000 1380.486307 
61.501000 1380.545305 
61.542000 1380.510666 
61.584000 1380.472977 
61.626000 1380.451945 
61.667000 1380.387277 
61.709000 1380.482893 
61.751000 1380.428498 
61.792000 1380.377135 
61.834000 1380.329387 
61.876000 1380.108296 
61.917000 1380.066904 
61.959000 1379.999127 
62.001000 1379.961340 
62.042000 1379.993252 
62.084000 1379.955444 
62.126000 1380.014294 
62.167000 1380.029510 
62.209000 1380.048339 
62.251000 1379.980492 
62.292000 1379.865679 
62.334000 1379.867811 
62.376000 1379.886600 
62.418000 1379.912045 
62.459000 1379.963859 
62.501000 1379.969284 
62.542000 1380.127745 
62.584000 1380.156483 
62.626000 1380.045210 
62.667000 1379.753641 
62.709000 1379.622348 
62.751000 1379.511045 
62.792000 1379.422779 
62.834000 1379.418121 
62.876000 1379.430120 
62.917000 1379.465157 
62.959000 1379.527135 
63.001000 1379.592437 
63.042000 1379.627443 
63.084000 1379.686056 
63.126000 1379.714659 
63.167000 1379.666301 
63.209000 1379.638217 
63.251000 1379.596788 
63.292000 1379.471732 
63.334000 1379.406949 
63.376000 1379.265489 
63.417000 1379.250402 
63.459000 1379.268921 
63.501000 1379.227428 
63.542000 1379.215643 
63.584000 1379.170796 
63.626000 1379.162605 
63.668000 1379.201070 
63.709000 1379.185910 
63.751000 1379.134353 
63.793000 1379.099452 
63.834000 1379.054260 
63.876000 1378.992670 
63.918000 1378.934403 
63.959000 1378.895846 
64.001000 1378.827557 
64.043000 1378.729257 
64.084000 1378.654001 
64.126000 1378.489013 
64.167000 1378.527069 
64.209000 1378.405392 
64.251000 1378.193704 
64.293000 1378.132004 
64.334000 1378.123351 
64.376000 1378.204962 
64.417000 1378.219620 
64.459000 1378.211210 
64.501000 1377.962788 
64.543000 1377.821022 
64.584000 1377.775636 
64.626000 1377.813847 
64.668000 1377.958714 
64.709000 1377.913295 
64.751000 1377.908139 
64.792000 1377.796032 
64.834000 1377.804187 
64.876000 1377.652330 
64.917000 1377.563523 
64.959000 1377.441643 
65.001000 1377.293086 
65.042000 1377.324245 
65.084000 1377.358998 
65.126000 1377.430406 
65.167000 1377.528198 
65.209000 1377.512917 
65.251000 1377.510957 
65.292000 1377.442049 
65.334000 1377.426732 
65.376000 1377.444738 
65.417000 1377.452462 
65.459000 1377.590444 
65.501000 1377.585082 
65.542000 1377.369438 
65.584000 1377.310719 
65.626000 1377.485321 
65.667000 1377.439643 
65.709000 1377.487555 
65.751000 1377.495455 
65.792000 1377.489743 
65.834000 1377.454286 
65.876000 1377.495484 
65.917000 1377.539737 
65.959000 1377.557578 
66.001000 1377.552073 
66.042000 1377.542958 
66.084000 1377.527430 
66.126000 1377.571889 
66.168000 1377.586337 
66.209000 1377.630508 
66.251000 1377.631598 
66.292000 1377.619079 
66.334000 1377.623479 
66.376000 1377.597866 
66.418000 1377.508908 
66.459000 1377.663008 
66.501000 1377.460692 
66.543000 1377.221698 
66.584000 1377.282429 
66.626000 1377.333410 
66.667000 1377.377451 
66.709000 1377.441740 
66.751000 1377.376018 
66.792000 1377.303356 
66.834000 1377.154275 
66.876000 1376.878516 
66.917000 1376.899151 
66.959000 1376.820033 
67.001000 1376.930903 
67.042000 1376.944835 
67.084000 1377.082347 
67.126000 1377.109846 
67.167000 1377.053742 
67.209000 1376.971216 
67.251000 1376.992011 
67.292000 1376.955870 
67.334000 1376.946640 
67.376000 1376.900730 
67.417000 1376.871219 
67.459000 1376.875284 
67.501000 1376.762670 
67.542000 1376.736455 
67.584000 1376.700483 
67.626000 1376.651164 
67.667000 1376.711578 
67.709000 1376.748900 
67.751000 1376.686210 
67.792000 1376.596587 
67.834000 1376.600537 
67.876000 1376.654475 
67.917000 1376.641481 
67.959000 1376.592060 
68.001000 1376.585959 
68.042000 1376.532927 
68.084000 1376.376800 
68.126000 1376.260660 
68.168000 1376.184507 
68.209000 1376.244758 
68.251000 1376.151912 
68.293000 1376.172386 
68.334000 1376.212599 
68.376000 1376.166381 
68.417000 1376.153234 
68.459000 1376.053657 
68.501000 1376.100732 
68.542000 1376.157547 
68.584000 1376.084597 
68.626000 1375.881633 
68.667000 1375.918409 
68.709000 1375.918752 
68.751000 1375.802415 
68.792000 1375.745819 
68.834000 1375.686122 
68.876000 1375.663079 
68.918000 1375.636688 
68.959000 1375.670040 
69.001000 1375.633623 
69.043000 1375.653859 
69.084000 1375.707171 
69.126000 1375.767380 
69.168000 1375.800909 
69.209000 1375.834182 
69.251000 1375.877684 
69.293000 1375.734505 
69.334000 1375.647739 
69.376000 1375.594533 
69.418000 1375.437981 
69.459000 1375.364507 
69.501000 1375.241261 
69.543000 1375.251334 
69.584000 1375.217821 
69.626000 1374.937866 
69.668000 1374.851232 
69.709000 1374.877678 
69.751000 1374.741016 
69.793000 1374.797673 
69.834000 1374.817413 
69.876000 1374.764042 
69.917000 1374.727088 
69.959000 1374.673690 
70.001000 1374.640278 
70.042000 1374.519950 
70.084000 1374.569843 
70.126000 1374.496390 
70.168000 1374.516255 
70.209000 1374.489205 
70.251000 1374.575709 
70.292000 1374.658632 
70.334000 1374.735109 
70.376000 1374.741571 
70.417000 1374.711119 
70.459000 1374.710886 
70.501000 1374.697306 
70.543000 1374.710377 
70.584000 1374.693204 
70.626000 1374.659581 
70.668000 1374.659277 
70.709000 1374.665394 
70.751000 1374.671729 
70.793000 1374.664715 
70.834000 1374.747458 
70.876000 1374.867082 
70.917000 1374.783130 
70.959000 1374.706060 
71.001000 1374.668974 
71.043000 1374.638541 
71.084000 1374.621199 
71.126000 1374.630737 
71.168000 1374.556928 
71.209000 1374.662877 
71.251000 1374.682371 
71.293000 1374.648518 
71.334000 1374.571091 
71.376000 1374.537209 
71.418000 1374.453311 
71.459000 1374.429175 
71.501000 1374.438582 
71.543000 1374.384641 
71.584000 1374.390462 
71.626000 1374.409824 
71.668000 1374.382506 
71.709000 1374.364950 
71.751000 1374.317602 
71.793000 1374.286905 
71.834000 1374.212640 
71.876000 1374.141914 
71.918000 1374.121173 
71.959000 1374.103530 
72.001000 1374.039426 
72.043000 1373.965307 
72.084000 1373.980955 
72.126000 1373.996806 
72.168000 1373.995975 
72.209000 1373.968245 
72.251000 1373.794051 
72.293000 1373.649842 
72.334000 1373.728735 
72.376000 1373.734496 
72.418000 1373.663575 
72.459000 1373.782423 
72.501000 1373.621472 
72.543000 1373.463839 
72.584000 1373.382643 
72.626000 1373.254980 
72.668000 1373.110634 
72.709000 1373.092727 
72.751000 1373.128351 
72.793000 1373.057293 
72.834000 1373.052674 
72.876000 1373.098252 
72.918000 1373.037149 
72.959000 1373.062485 
73.001000 1373.081350 
73.043000 1373.040200 
73.084000 1373.132158 
73.126000 1373.097643 
73.167000 1373.192904 
73.209000 1373.068359 
73.251000 1373.227132 
73.293000 1373.109222 
73.334000 1372.911089 
73.376000 1372.863148 
73.418000 1373.068525 
73.459000 1373.140346 
73.501000 1373.215691 
73.542000 1373.230815 
73.584000 1373.222796 
73.626000 1373.068095 
73.668000 1372.946711 
73.709000 1372.855107 
73.751000 1372.797025 
73.793000 1372.815593 
73.834000 1373.047276 
73.876000 1372.929147 
73.918000 1372.937668 
73.959000 1372.792637 
74.001000 1372.671127 
74.042000 1372.819399 
74.084000 1372.761190 
74.126000 1372.702965 
74.167000 1372.644524 
74.209000 1372.632934 
74.251000 1372.587994 
74.293000 1372.546372 
74.334000 1372.497867 
74.376000 1372.462880 
74.418000 1372.437876 
74.459000 1372.402658 
74.501000 1372.294288 
74.543000 1372.252569 
74.584000 1372.303970 
74.626000 1372.462219 
74.668000 1372.490451 
74.709000 1372.358471 
74.751000 1372.430004 
74.793000 1372.331521 
74.834000 1372.269494 
74.876000 1372.264311 
74.918000 1372.249112 
74.959000 1372.213704 
75.001000 1372.175139 
75.043000 1372.163224 
75.084000 1372.007767 
75.126000 1372.095820 
75.168000 1371.900522 
75.209000 1371.745017 
75.251000 1371.936353 
75.292000 1372.107483 
75.334000 1372.052120 
75.376000 1371.743406 
75.417000 1371.654487 
75.459000 1371.645740 
75.501000 1371.700310 
75.543000 1371.694864 
75.584000 1371.732546 
75.626000 1371.777066 
75.668000 1371.738236 
75.709000 1371.789202 
75.751000 1371.843672 
75.793000 1371.828125 
75.834000 1371.862376 
75.876000 1371.866795 
75.918000 1371.761197 
75.959000 1371.865399 
76.001000 1371.716434 
76.043000 1371.687452 
76.084000 1371.968271 
76.126000 1371.945922 
76.167000 1371.976707 
76.209000 1372.030991 
76.251000 1371.995258 
76.292000 1371.782660 
76.334000 1371.606893 
76.376000 1371.537775 
76.417000 1371.571794 
76.459000 1371.655976 
76.501000 1371.733473 
76.542000 1371.580775 
76.584000 1371.701572 
76.626000 1371.862351 
76.667000 1371.879603 
76.709000 1371.623681 
76.751000 1371.487742 
76.793000 1371.525119 
76.834000 1371.748969 
76.876000 1371.782978 
76.918000 1371.700303 
76.959000 1371.707436 
77.001000 1371.678060 
77.043000 1371.578665 
77.084000 1371.489081 
77.126000 1371.442985 
77.168000 1371.350205 
77.209000 1371.293903 
77.251000 1371.207755 
77.293000 1371.121589 
77.334000 1371.078569 
77.376000 1370.965702 
77.418000 1370.906150 
77.459000 1370.799744 
77.501000 1370.743491 
77.543000 1370.697219 
77.584000 1370.657429 
77.626000 1370.627789 
77.668000 1370.658131 
77.709000 1370.771622 
77.751000 1370.848595 
77.793000 1370.772217 
77.834000 1370.528990 
77.876000 1370.452576 
77.918000 1370.462811 
77.959000 1370.656198 
78.001000 1370.663064 
78.043000 1370.626579 
78.084000 1370.606580 
78.126000 1370.530059 
78.168000 1370.436853 
78.209000 1370.423468 
78.251000 1370.363560 
78.293000 1370.280300 
78.334000 1370.293529 
78.376000 1370.340233 
78.418000 1370.310252 
78.459000 1370.293428 
78.501000 1370.320078 
78.543000 1370.293376 
78.584000 1370.186498 
78.626000 1370.153094 
78.668000 1370.273004 
78.709000 1370.229406 
78.751000 1370.012613 
78.793000 1370.029135 
78.834000 1370.275484 
78.876000 1370.105303 
78.918000 1369.935103 
78.959000 1369.824732 
79.001000 1369.984496 
79.043000 1370.124241 
79.084000 1370.177149 
79.126000 1370.143524 
79.168000 1370.153213 
79.209000 1370.172734 
79.251000 1370.212387 
79.293000 1370.158687 
79.334000 1370.191487 
79.376000 1370.144417 
79.418000 1370.060662 
79.459000 1369.950074 
79.501000 1369.916282 
79.543000 1369.842471 
79.584000 1369.711828 
79.626000 1369.707980 
79.668000 1369.617446 
79.709000 1369.623415 
79.751000 1369.482844 
79.793000 1369.598921 
79.834000 1369.398168 
79.876000 1369.180873 
79.918000 1369.293560 
79.959000 1369.399419 
80.001000 1369.242068 
80.043000 1369.214698 
80.084000 1369.090501 
80.126000 1368.956427 
80.168000 1368.762333 
80.209000 1368.824747 
80.251000 1368.983950 
80.293000 1368.923132 
80.334000 1368.895491 
80.376000 1368.871302 
80.418000 1368.890428 
80.459000 1368.879397 
80.501000 1368.981818 
80.543000 1369.060886 
80.584000 1369.083132 
80.626000 1369.115495 
80.668000 1369.071172 
80.709000 1369.056696 
80.751000 1369.115668 
80.793000 1369.097954 
80.834000 1369.153421 
80.876000 1369.245668 
80.918000 1369.221229 
80.959000 1369.176639 
81.001000 1369.325495 
81.043000 1369.254332 
81.084000 1369.369685 
81.126000 1369.328483 
81.168000 1369.393928 
81.209000 1369.212557 
81.251000 1368.911296 
81.292000 1368.846554 
81.334000 1368.795255 
81.376000 1368.670602 
81.417000 1368.522469 
81.459000 1368.481111 
81.501000 1368.526399 
81.543000 1368.628334 
81.584000 1368.706791 
81.626000 1368.748687 
81.668000 1368.803897 
81.709000 1368.805629 
81.751000 1368.790799 
81.793000 1368.759283 
81.834000 1368.637624 
81.876000 1368.522735 
81.918000 1368.444492 
81.959000 1368.399442 
82.001000 1368.441159 
82.043000 1368.406190 
82.084000 1368.397748 
82.126000 1368.402739 
82.168000 1368.451044 
82.209000 1368.385877 
82.251000 1368.327474 
82.293000 1368.315718 
82.334000 1368.317160 
82.376000 1368.315364 
82.418000 1368.136881 
82.459000 1368.088263 
82.501000 1368.336407 
82.543000 1368.281197 
82.584000 1368.245853 
82.626000 1368.113937 
82.668000 1368.005333 
82.709000 1367.849930 
82.751000 1367.944619 
82.793000 1367.859288 
82.834000 1367.937159 
82.876000 1368.001787 
82.918000 1367.993061 
82.959000 1368.020873 
83.001000 1367.748773 
83.043000 1367.756653 
83.084000 1367.651071 
83.126000 1367.715577 
83.168000 1367.666729 
83.209000 1367.754420 
83.251000 1367.678865 
83.293000 1367.713288 
83.334000 1367.514253 
83.376000 1367.525302 
83.418000 1367.602997 
83.459000 1367.590568 
83.501000 1367.511556 
83.543000 1367.432522 
83.584000 1367.330033 
83.626000 1367.317625 
83.668000 1367.275196 
83.709000 1367.212646 
83.751000 1367.190175 
83.793000 1367.197684 
83.834000 1367.015073 
83.876000 1367.165873 
83.918000 1367.226653 
83.959000 1367.140647 
84.001000 1367.124719 
84.043000 1367.102102 
84.084000 1367.059369 
84.126000 1367.063377 
84.168000 1367.044031 
84.209000 1366.987903 
84.251000 1366.981848 
84.293000 1366.972439 
84.334000 1366.902916 
84.376000 1366.733465 
84.418000 1366.703992 
84.459000 1366.624407 
84.501000 1366.651560 
84.543000 1366.682024 
84.584000 1366.679043 
84.626000 1366.682799 
84.668000 1366.569866 
84.709000 1366.540157 
84.751000 1366.733848 
84.793000 1366.790851 
84.834000 1366.751080 
84.876000 1366.648041 
84.918000 1366.421647 
84.959000 1366.421813 
85.001000 1366.438709 
85.043000 1366.458918 
85.084000 1366.482354 
85.126000 1366.529187 
85.168000 1366.575998 
85.209000 1366.526038 
85.251000 1366.566139 
85.293000 1366.656219 
85.334000 1366.616196 
85.376000 1366.539566 
85.418000 1366.562914 
85.459000 1366.512828 
85.501000 1366.519466 
85.543000 1366.469416 
85.584000 1366.432600 
85.626000 1366.232506 
85.668000 1366.332391 
85.709000 1366.162178 
85.751000 1366.112019 
85.793000 1366.061838 
85.834000 1366.044895 
85.876000 1366.031337 
85.918000 1366.001091 
85.959000 1365.970750 
86.001000 1365.983793 
86.043000 1365.966815 
86.084000 1366.039743 
86.126000 1366.062721 
86.168000 1366.042343 
86.209000 1366.068540 
86.251000 1366.048118 
86.293000 1366.141008 
86.334000 1366.240474 
86.376000 1366.213319 
86.418000 1366.152809 
86.459000 1366.132210 
86.501000 1365.904989 
86.543000 1365.851079 
86.584000 1365.863749 
86.626000 1365.876461 
86.668000 1365.899152 
86.709000 1365.888423 
86.751000 1365.921068 
86.793000 1365.980358 
86.834000 1365.972898 
86.876000 1366.195476 
86.918000 1366.261366 
86.959000 1366.263840 
87.001000 1366.219685 
87.043000 1366.138841 
87.084000 1366.064582 
87.126000 1366.007026 
87.168000 1366.012781 
87.209000 1365.811790 
87.251000 1365.580834 
87.293000 1365.509854 
87.334000 1365.528797 
87.376000 1365.561106 
87.418000 1365.650059 
87.459000 1365.725603 
87.501000 1365.634511 
87.543000 1365.620062 
87.585000 1365.575591 
87.626000 1365.571046 
87.668000 1365.523196 
87.709000 1365.608606 
87.751000 1365.547378 
87.793000 1365.466127 
87.834000 1365.378137 
87.876000 1365.310173 
87.918000 1365.255520 
87.960000 1365.134177 
88.001000 1365.079431 
88.043000 1364.871376 
88.085000 1364.866631 
88.126000 1364.941818 
88.168000 1364.950361 
88.210000 1364.872213 
88.251000 1364.790666 
88.293000 1364.745806 
88.335000 1364.704256 
88.376000 1364.605975 
88.418000 1364.424379 
88.460000 1364.279427 
88.501000 1364.211078 
88.543000 1364.189413 
88.585000 1364.071057 
88.626000 1364.059307 
88.668000 1364.144239 
88.710000 1364.215814 
88.751000 1364.240662 
88.793000 1364.252191 
88.835000 1364.210363 
88.876000 1364.231809 
88.918000 1364.066601 
88.960000 1364.021370 
89.001000 1364.056081 
89.043000 1363.867470 
89.085000 1363.692168 
89.126000 1363.583477 
89.168000 1363.601462 
89.210000 1363.902756 
89.251000 1364.187330 
89.293000 1363.998578 
89.334000 1363.723106 
89.376000 1363.700973 
89.418000 1363.532150 
89.459000 1363.426609 
89.501000 1363.301072 
89.543000 1363.172178 
89.584000 1363.116568 
89.626000 1363.147626 
89.668000 1363.091994 
89.709000 1363.142981 
89.751000 1363.120635 
89.793000 1363.161598 
89.834000 1363.152516 
89.876000 1363.163432 
89.918000 1363.210990 
89.959000 1363.281838 
90.001000 1363.359348 
90.043000 1363.403502 
90.084000 1363.454279 
90.126000 1363.371718 
90.168000 1363.359133 
90.209000 1363.373174 
90.251000 1363.137208 
90.293000 1363.177884 
90.334000 1363.235187 
90.376000 1363.075815 
90.418000 1363.053086 
90.459000 1362.980319 
90.501000 1362.894208 
90.543000 1362.841406 
90.584000 1362.808568 
90.626000 1362.979052 
90.668000 1363.012844 
90.709000 1363.213268 
90.751000 1363.307012 
90.793000 1363.220731 
90.834000 1363.127751 
90.876000 1363.341422 
90.918000 1363.435069 
90.959000 1363.205351 
91.001000 1363.032282 
91.043000 1363.092522 
91.084000 1363.086065 
91.126000 1362.779590 
91.168000 1362.676423 
91.209000 1362.613228 
91.251000 1362.716679 
91.293000 1362.783439 
91.334000 1362.826839 
91.376000 1362.810217 
91.418000 1362.763569 
91.459000 1362.780231 
91.501000 1362.793534 
91.543000 1362.783479 
91.584000 1362.743402 
91.626000 1362.766631 
91.668000 1362.796502 
91.709000 1362.699686 
91.751000 1362.656174 
91.793000 1362.665971 
91.834000 1362.555749 
91.876000 1362.492163 
91.918000 1362.418552 
91.960000 1362.334916 
92.001000 1362.267929 
92.043000 1362.230910 
92.085000 1362.063866 
92.126000 1362.126807 
92.168000 1361.903046 
92.210000 1361.745927 
92.251000 1361.852128 
92.293000 1361.678292 
92.335000 1361.654431 
92.376000 1361.640558 
92.418000 1361.636647 
92.460000 1361.576045 
92.501000 1361.568765 
92.543000 1361.581445 
92.584000 1361.500783 
92.626000 1361.410080 
92.668000 1361.339352 
92.710000 1361.301931 
92.751000 1361.347837 
92.793000 1361.350366 
92.835000 1361.429536 
92.876000 1361.458701 
92.918000 1361.461154 
92.960000 1361.390248 
93.001000 1361.366006 
93.043000 1361.418383 
93.085000 1361.270734 
93.126000 1361.196417 
93.168000 1361.368717 
93.210000 1361.267659 
93.251000 1361.199934 
93.293000 1361.125491 
93.335000 1361.051022 
93.376000 1360.839889 
93.418000 1360.675370 
93.460000 1360.837491 
93.501000 1360.979616 
93.543000 1360.928353 
93.585000 1360.870398 
93.626000 1360.829114 
93.668000 1360.791107 
93.710000 1360.739741 
93.751000 1360.641716 
93.793000 1360.533631 
93.835000 1360.482188 
93.876000 1360.534087 
93.918000 1360.539259 
93.960000 1360.491071 
94.001000 1360.546227 
94.043000 1360.534655 
94.085000 1360.446389 
94.126000 1360.401470 
94.168000 1360.329819 
94.210000 1360.274809 
94.251000 1360.289814 
94.293000 1360.241418 
94.335000 1360.449663 
94.376000 1360.371258 
94.418000 1360.269452 
94.460000 1360.237618 
94.501000 1360.202470 
94.543000 1360.240585 
94.585000 1360.195340 
94.626000 1360.186782 
94.668000 1360.134818 
94.710000 1360.146161 
94.751000 1360.124192 
94.793000 1360.175483 
94.835000 1360.140080 
94.876000 1360.114702 
94.918000 1360.065913 
94.960000 1360.043765 
95.001000 1360.174976 
95.043000 1360.029442 
95.085000 1359.900547 
95.126000 1359.785014 
95.168000 1359.722734 
95.210000 1359.693760 
95.251000 1359.671483 
95.293000 1359.639123 
95.335000 1359.623403 
95.376000 1359.741048 
95.418000 1359.685275 
95.460000 1359.869475 
95.501000 1359.883709 
95.543000 1359.701189 
95.585000 1359.571976 
95.626000 1359.492798 
95.668000 1359.510199 
95.710000 1359.560906 
95.751000 1359.541649 
95.793000 1359.485636 
95.835000 1359.429596 
95.876000 1359.410261 
95.918000 1359.404168 
95.960000 1359.431381 
96.001000 1359.455300 
96.043000 1359.425793 
96.085000 1359.259591 
96.126000 1359.110099 
96.168000 1359.213844 
96.210000 1359.167562 
96.251000 1359.237990 
96.293000 1359.094987 
96.335000 1359.241957 
96.376000 1359.088973 
96.418000 1358.815889 
96.460000 1358.646112 
96.501000 1358.709715 
96.543000 1358.759883 
96.585000 1358.803357 
96.626000 1358.840214 
96.668000 1358.763633 
96.710000 1358.647026 
96.751000 1358.583803 
96.793000 1358.567141 
96.835000 1358.540451 
96.876000 1358.487149 
96.918000 1358.483738 
96.960000 1358.460300 
97.001000 1358.523584 
97.043000 1358.506757 
97.085000 1358.406570 
97.126000 1358.633107 
97.168000 1358.722865 
97.210000 1358.475929 
97.251000 1358.265719 
97.293000 1358.135395 
97.335000 1358.368376 
97.376000 1358.674752 
97.418000 1358.731011 
97.459000 1358.704000 
97.501000 1358.670204 
97.543000 1358.456381 
97.584000 1358.412622 
97.626000 1358.422077 
97.668000 1358.421504 
97.710000 1358.507570 
97.751000 1358.583703 
97.793000 1358.646380 
97.835000 1358.555696 
97.876000 1358.748413 
97.918000 1358.654340 
97.960000 1358.766906 
98.001000 1358.699542 
98.043000 1358.665386 
98.085000 1358.671201 
98.126000 1358.647089 
98.168000 1358.636182 
98.210000 1358.588580 
98.251000 1358.574385 
98.293000 1358.533394 
98.335000 1358.519042 
98.376000 1358.494765 
98.418000 1358.413690 
98.460000 1358.332587 
98.501000 1358.411561 
98.543000 1358.480402 
98.585000 1358.285880 
98.626000 1358.131439 
98.668000 1358.016862 
98.710000 1357.935589 
98.751000 1357.854399 
98.793000 1357.849736 
98.835000 1357.931712 
98.876000 1357.840439 
98.918000 1357.765692 
98.960000 1357.904249 
99.001000 1357.916226 
99.043000 1357.764727 
99.085000 1357.509866 
99.126000 1357.371760 
99.168000 1357.370176 
99.210000 1357.431896 
99.251000 1357.533707 
99.293000 1357.675370 
99.335000 1357.713672 
99.376000 1357.752065 
99.418000 1357.786976 
99.460000 1357.768525 
99.501000 1357.750168 
99.543000 1357.834994 
99.585000 1357.819790 
99.626000 1357.794683 
99.668000 1357.822755 
99.710000 1357.747466 
99.751000 1357.842274 
99.793000 1357.816927 
99.835000 1357.758218 
99.876000 1357.689609 
99.918000 1357.604175 
99.960000 1357.588713 
